0.0010209083557128906
0.006981611251831055
0.007261037826538086
0.009944677352905273
0.009972810745239258
0.009977102279663086
0.013962984085083008
0.015956878662109375
0.015986919403076172
0.016983747482299805
0.017980575561523438
0.019940853118896484
0.019947528839111328
0.021964073181152344
0.023964881896972656
0.0249330997467041
0.03291654586791992
0.034899234771728516
0.03593587875366211
0.03786921501159668
0.0388646125793457
0.03890872001647949
0.03992342948913574
0.04188728332519531
0.04192304611206055
0.04487895965576172
0.04690384864807129
0.047908782958984375
0.04984092712402344
0.04989480972290039
0.05245780944824219
0.052889108657836914
0.05485391616821289
0.05687975883483887
0.057851552963256836
0.05983901023864746
0.061830997467041016
0.06183362007141113
0.06385207176208496
0.06585192680358887
0.06732821464538574
0.0718088150024414
0.07277798652648926
0.07377171516418457
0.07379889488220215
0.07479643821716309
0.07480120658874512
0.07579946517944336
0.07782268524169922
0.07782292366027832
0.07878947257995605
0.08137202262878418
0.08290743827819824
0.08414864540100098
0.08677124977111816
0.0873708724975586
0.08876228332519531
0.09471511840820312
0.0982816219329834
0.09873151779174805
0.09873223304748535
0.10269308090209961
0.10441803932189941
0.10471844673156738
0.10525751113891602
0.10671091079711914
0.10672378540039062
0.10870790481567383
0.10873913764953613
0.10973930358886719
0.11071586608886719
0.11166810989379883
0.11172890663146973
0.11528372764587402
0.1193685531616211
0.12264418601989746
0.12270355224609375
0.1256568431854248
0.1266613006591797
0.1266617774963379
0.12765884399414062
0.12964510917663574
0.13062238693237305
0.13164710998535156
0.13370561599731445
0.13666534423828125
0.13766765594482422
0.13821721076965332
0.1386582851409912
0.14264941215515137
0.1426706314086914
0.14558172225952148
0.1466076374053955
0.14662814140319824
0.14760470390319824
0.14910626411437988
0.15056896209716797
0.15458440780639648
0.1576063632965088
0.16159844398498535
0.16356921195983887
0.16455721855163574
0.16655397415161133
0.1685495376586914
0.1715242862701416
0.1735067367553711
0.17355847358703613
0.17403650283813477
0.17550015449523926
0.17552733421325684
0.1825122833251953
0.18251252174377441
0.1845080852508545
0.18949270248413086
0.19251275062561035
0.19349026679992676
0.1935122013092041
0.1964735984802246
0.19949936866760254
0.20545482635498047
0.20804190635681152
0.2084646224975586
0.2184464931488037
0.21941423416137695
0.2230205535888672
0.2243955135345459
0.22439956665039062
0.22539162635803223
0.22741460800170898
0.2293555736541748
0.22938013076782227
0.22941017150878906
0.23340439796447754
0.23440027236938477
0.23537087440490723
0.23689579963684082
0.23939180374145508
0.24335885047912598
0.24434638023376465
0.24437427520751953
0.24534916877746582
0.24633169174194336
0.24733829498291016
0.24734258651733398
0.24831175804138184
0.2483358383178711
0.2513256072998047
0.25232481956481934
0.2543482780456543
0.25933337211608887
0.26132965087890625
0.26329517364501953
0.2682816982269287
0.2683093547821045
0.27355098724365234
0.27526235580444336
0.27725791931152344
0.27728843688964844
0.27878355979919434
0.281217098236084
0.2822449207305908
0.28523802757263184
0.28626275062561035
0.29321932792663574
0.2951805591583252
0.2952389717102051
0.29720520973205566
0.2972090244293213
0.2997729778289795
0.30119872093200684
0.30282163619995117
0.3041551113128662
0.31017112731933594
0.3101987838745117
0.31064486503601074
0.3121647834777832
0.31418919563293457
0.3177778720855713
0.3180732727050781
0.3181478977203369
0.32412219047546387
0.3246603012084961
0.3251616954803467
0.32911181449890137
0.3310859203338623
0.3331034183502197
0.3351097106933594
0.3420851230621338
0.34807300567626953
0.3490617275238037
0.35013365745544434
0.3510282039642334
0.3510909080505371
0.35508012771606445
0.3576064109802246
0.35803937911987305
0.3590703010559082
0.36156344413757324
0.36503076553344727
0.36801600456237793
0.3730027675628662
0.3738229274749756
0.37399911880493164
0.3759939670562744
0.37895750999450684
0.37900686264038086
0.3816971778869629
0.38197755813598633
0.38497066497802734
0.3859677314758301
0.3859903812408447
0.38751769065856934
0.3915140628814697
0.39243102073669434
0.39345407485961914
0.3959388732910156
0.39792585372924805
0.40195250511169434
0.4019629955291748
0.4038882255554199
0.40491533279418945
0.4059457778930664
0.4094424247741699
0.40987467765808105
0.41187095642089844
0.41388964653015137
0.41867494583129883
0.4229011535644531
0.4278881549835205
0.42822265625
0.42882513999938965
0.43042540550231934
0.4334118366241455
0.4335014820098877
0.4338111877441406
0.43383097648620605
0.434847354888916
0.43642401695251465
0.4388282299041748
0.44085144996643066
0.44780421257019043
0.4478342533111572
0.44978880882263184
0.4498279094696045
0.45012378692626953
0.45039939880371094
0.4518258571624756
0.46276187896728516
0.46582841873168945
0.4667489528656006
0.46774816513061523
0.4683811664581299
0.4697432518005371
0.4717693328857422
0.47358202934265137
0.47871875762939453
0.4797403812408447
0.479748010635376
0.4842963218688965
0.4866981506347656
0.48723745346069336
0.48968958854675293
0.4936788082122803
0.493710994720459
0.50063157081604
0.5021216869354248
0.5076446533203125
0.5106360912322998
0.5165865421295166
0.5167856216430664
0.5195918083190918
0.5206184387207031
0.5245683193206787
0.5245954990386963
0.526587724685669
0.5284328460693359
0.5285518169403076
0.5315816402435303
0.5321698188781738
0.5385904312133789
0.5415537357330322
0.5455417633056641
0.5455522537231445
0.5485596656799316
0.5502097606658936
0.5510807037353516
0.5515012741088867
0.5545170307159424
0.5545170307159424
0.5545172691345215
0.556480884552002
0.5595049858093262
0.5601687431335449
0.5625438690185547
0.5644903182983398
0.5686097145080566
0.5695040225982666
0.5704011917114258
0.571491003036499
0.5724349021911621
0.5740528106689453
0.5754332542419434
0.5774729251861572
0.5784859657287598
0.5794823169708252
0.5815255641937256
0.5824403762817383
0.585993766784668
0.5864310264587402
0.5915107727050781
0.5924148559570312
0.5963754653930664
0.5994884967803955
0.5998272895812988
0.6022498607635498
0.604194164276123
0.6053802967071533
0.6053805351257324
0.6063673496246338
0.6138906478881836
0.6153526306152344
0.616321325302124
0.6163821220397949
0.6193423271179199
0.6203403472900391
0.6233296394348145
0.6233770847320557
0.6243271827697754
0.6313166618347168
0.632340669631958
0.6333062648773193
0.6384904384613037
0.638922929763794
0.6397626399993896
0.6432802677154541
0.6459560394287109
0.6502604484558105
0.6552186012268066
0.6582612991333008
0.6608033180236816
0.6622226238250732
0.6653811931610107
0.6672141551971436
0.6673190593719482
0.6731972694396973
0.6732087135314941
0.6752252578735352
0.6783862113952637
0.6808493137359619
0.6831719875335693
0.6841590404510498
0.6931452751159668
0.6937191486358643
0.69516921043396
0.696453332901001
0.6971347332000732
0.6981320381164551
0.6984024047851562
0.7050299644470215
0.7050895690917969
0.7051362991333008
0.706244707107544
0.7130627632141113
0.713576078414917
0.7167372703552246
0.7216758728027344
0.722618818283081
0.7240810394287109
0.7260563373565674
0.7266650199890137
0.7330358028411865
0.7380266189575195
0.738027811050415
0.7390313148498535
0.7390553951263428
0.7420148849487305
0.7440018653869629
0.7460098266601562
0.7499680519104004
0.750145673751831
0.7519402503967285
0.7543067932128906
0.7565534114837646
0.7595844268798828
0.7599689960479736
0.7619907855987549
0.7625870704650879
0.7654807567596436
0.7655768394470215
0.769484281539917
0.7725715637207031
0.7738983631134033
0.7757294178009033
0.7759239673614502
0.7779204845428467
0.7787923812866211
0.7839334011077881
0.7908885478973389
0.7932615280151367
0.8058431148529053
0.8070964813232422
0.8073413372039795
0.8151891231536865
0.8218271732330322
0.821972131729126
0.8227899074554443
0.8257911205291748
0.8278167247772217
0.8281910419464111
0.8283395767211914
0.8327741622924805
0.8330931663513184
0.8397843837738037
0.8427472114562988
0.8507318496704102
0.8546907901763916
0.8577334880828857
0.8669373989105225
0.8677079677581787
0.8677096366882324
0.8677816390991211
0.8771705627441406
0.8786733150482178
0.8896224498748779
0.8936219215393066
0.8940854072570801
0.8942282199859619
0.896033525466919
0.9136183261871338
0.9137022495269775
0.9145565032958984
0.9211335182189941
0.9238548278808594
0.9326064586639404
0.9355032444000244
0.9404399394989014
0.9410500526428223
0.9414815902709961
0.9424777030944824
0.9453732967376709
0.9460961818695068
0.9472651481628418
0.9515612125396729
0.9528615474700928
0.9536974430084229
0.9574368000030518
0.957481861114502
0.9713709354400635
0.9713902473449707
0.9719679355621338
0.975388765335083
0.9754178524017334
0.9763956069946289
0.9824047088623047
0.9900307655334473
0.9949507713317871
0.9973359107971191
0.9996938705444336
1.001297950744629
1.0023460388183594
1.0053064823150635
1.00531005859375
1.006160020828247
1.0062761306762695
1.0073366165161133
1.013265609741211
1.0163078308105469
1.0289082527160645
1.0302760601043701
1.0349657535552979
1.0357146263122559
1.0378434658050537
1.038219928741455
1.0437757968902588
1.0441935062408447
1.044201135635376
1.0485608577728271
1.0491888523101807
1.050948143005371
1.0521540641784668
1.0524036884307861
1.0534427165985107
1.054797887802124
1.0571701526641846
1.0578029155731201
1.0579960346221924
1.0601527690887451
1.0604567527770996
1.0621578693389893
1.064800500869751
1.0650103092193604
1.06842041015625
1.0772271156311035
1.0831010341644287
1.0870916843414307
1.0915007591247559
1.0919370651245117
1.0930774211883545
1.0942442417144775
1.0952935218811035
1.0993380546569824
1.1020267009735107
1.1060588359832764
1.1120202541351318
1.115980625152588
1.1189744472503662
1.1226141452789307
1.1273400783538818
1.1299962997436523
1.1316888332366943
1.1356916427612305
1.1396751403808594
1.1421151161193848
1.1422860622406006
1.144552230834961
1.146986484527588
1.172865867614746
1.173475980758667
1.1793463230133057
1.1838641166687012
1.1858558654785156
1.189253330230713
1.1928105354309082
1.1928400993347168
1.1928555965423584
1.1935365200042725
1.1977965831756592
1.1979100704193115
1.198824167251587
1.2003726959228516
1.2027812004089355
1.2036654949188232
1.2047748565673828
1.2073991298675537
1.216947317123413
1.217787504196167
1.218355655670166
1.2207303047180176
1.222721815109253
1.2295491695404053
1.2348403930664062
1.2352991104125977
1.2363476753234863
1.2369320392608643
1.2397055625915527
1.24167799949646
1.249690294265747
1.2546429634094238
1.2596275806427002
1.262444257736206
1.2686793804168701
1.2713942527770996
1.2716293334960938
1.272594928741455
1.2735950946807861
1.273831844329834
1.2746117115020752
1.2884504795074463
1.2893245220184326
1.2946417331695557
1.2948558330535889
1.2985262870788574
1.3057937622070312
1.3065321445465088
1.3149957656860352
1.3154759407043457
1.3164300918579102
1.3213331699371338
1.3236854076385498
1.3272476196289062
1.3334596157073975
1.334852933883667
1.3354966640472412
1.3453996181488037
1.3467636108398438
1.3477873802185059
1.3502073287963867
1.351991891860962
1.356093406677246
1.363354206085205
1.3650593757629395
1.3663434982299805
1.3663759231567383
1.3691084384918213
1.369300127029419
1.3713345527648926
1.3753511905670166
1.3794207572937012
1.3852932453155518
1.3870515823364258
1.3955700397491455
1.39898681640625
1.4002833366394043
1.4032788276672363
1.404944896697998
1.4052410125732422
1.407888412475586
1.4102044105529785
1.4132192134857178
1.4162425994873047
1.4207286834716797
1.4231963157653809
1.436683177947998
1.4403033256530762
1.4433777332305908
1.4455983638763428
1.446455478668213
1.447115182876587
1.4509413242340088
1.45314621925354
1.4541406631469727
1.465252161026001
1.4684054851531982
1.4731581211090088
1.4759454727172852
1.4839978218078613
1.5020134449005127
1.5059382915496826
1.5060038566589355
1.5093679428100586
1.509711742401123
1.5099623203277588
1.5113654136657715
1.5245327949523926
1.5247862339019775
1.5256268978118896
1.5289382934570312
1.5307419300079346
1.537449836730957
1.538348913192749
1.5421297550201416
1.5508201122283936
1.5524930953979492
1.552865982055664
1.5534021854400635
1.5648698806762695
1.5708484649658203
1.5727787017822266
1.576331615447998
1.5827980041503906
1.5860881805419922
1.592738389968872
1.6033051013946533
1.6050100326538086
1.6106915473937988
1.6153032779693604
1.6160683631896973
1.616309404373169
1.620004415512085
1.6213841438293457
1.6256506443023682
1.6266391277313232
1.6289472579956055
1.6395108699798584
1.6408483982086182
1.6426353454589844
1.6735260486602783
1.681403636932373
1.6834948062896729
1.6835289001464844
1.6892943382263184
1.705470323562622
1.7064692974090576
1.7114222049713135
1.7124218940734863
1.7134625911712646
1.7220115661621094
1.7253601551055908
1.725517749786377
1.7264118194580078
1.7273776531219482
1.7293403148651123
1.7293956279754639
1.7575902938842773
1.7682993412017822
1.7772936820983887
1.7794225215911865
1.790480375289917
1.7922053337097168
1.7975656986236572
1.806168794631958
1.8163695335388184
1.8171508312225342
1.822124719619751
1.8291523456573486
1.836120843887329
1.8391001224517822
1.844102382659912
1.8450677394866943
1.85001540184021
1.851048469543457
1.862051010131836
1.862126111984253
1.8635361194610596
1.8698067665100098
1.8798706531524658
1.8889415264129639
1.8895728588104248
1.8979573249816895
1.9119188785552979
1.9142727851867676
1.9182188510894775
1.9232616424560547
1.9345002174377441
1.9406383037567139
1.9529192447662354
1.9534375667572021
1.9789645671844482
1.9817333221435547
1.9864590167999268
1.9876227378845215
1.9886798858642578
1.996206283569336
1.9986827373504639
2.0006470680236816
2.0096235275268555
2.00994610786438
2.022648572921753
2.0285966396331787
2.0299453735351562
2.03558611869812
2.0362908840179443
2.038243055343628
2.0425665378570557
2.043621301651001
2.048555612564087
2.0633888244628906
2.06550669670105
2.0668632984161377
2.074348211288452
2.0744524002075195
2.0802950859069824
2.0844547748565674
2.093367576599121
2.1053597927093506
2.117889642715454
2.1210074424743652
2.144282341003418
2.1522650718688965
2.162956953048706
2.164903402328491
2.167353868484497
2.172706127166748
2.1871485710144043
2.195840835571289
2.198230266571045
2.2118217945098877
2.2225615978240967
2.233264923095703
2.23698091506958
2.2420265674591064
2.2421798706054688
2.244851589202881
2.2452259063720703
2.2500035762786865
2.2536394596099854
2.2805731296539307
2.294837236404419
2.302539825439453
2.309819221496582
2.3387739658355713
2.343731164932251
2.3656744956970215
2.3740780353546143
2.374391555786133
2.3806307315826416
2.3851139545440674
2.3895041942596436
2.3929977416992188
2.4031615257263184
2.4117228984832764
2.4155678749084473
2.42136287689209
2.425585985183716
2.4265074729919434
2.4271650314331055
2.4410595893859863
2.453847646713257
2.4624435901641846
2.4647605419158936
2.470386266708374
2.4863359928131104
2.4939584732055664
2.513327121734619
2.5152387619018555
2.5182900428771973
2.519279718399048
2.5285797119140625
2.541170120239258
2.5448458194732666
2.552940607070923
2.5531742572784424
2.5705020427703857
2.572523832321167
2.5791642665863037
2.5794453620910645
2.5890731811523438
2.5916876792907715
2.60821533203125
2.6090519428253174
2.6110470294952393
2.616997718811035
2.617997169494629
2.6204538345336914
2.62601375579834
2.631814479827881
2.649909496307373
2.657512903213501
2.659855842590332
2.6658682823181152
2.669248342514038
2.6719717979431152
2.682387351989746
2.6925742626190186
2.7000224590301514
2.7013485431671143
2.7016468048095703
2.707728147506714
2.7107152938842773
2.72566819190979
2.749674081802368
2.759816884994507
2.768671989440918
2.7687931060791016
2.7713162899017334
2.786895751953125
2.8005168437957764
2.8035342693328857
2.8060295581817627
2.8068032264709473
2.8103513717651367
2.819763422012329
2.824003219604492
2.824517011642456
2.8274059295654297
2.827432155609131
2.83982253074646
2.8412435054779053
2.8443939685821533
2.852224826812744
2.859316825866699
2.8962502479553223
2.9027278423309326
2.9214794635772705
2.962043523788452
2.9652726650238037
2.966064453125
2.9680826663970947
2.9729652404785156
2.98577880859375
2.9905104637145996
2.9914121627807617
2.9952406883239746
3.002957582473755
3.010061264038086
3.011627674102783
3.0129897594451904
3.0139663219451904
3.079902172088623
3.090446710586548
3.118654251098633
3.1300876140594482
3.1575186252593994
3.158517599105835
3.1635682582855225
3.170468807220459
3.1754024028778076
3.1933367252349854
3.196350574493408
3.200255870819092
3.219390630722046
3.2403347492218018
3.244131565093994
3.2532668113708496
3.268280029296875
3.277193546295166
3.2820818424224854
3.309882402420044
3.31712007522583
3.321115255355835
3.3220577239990234
3.3220880031585693
3.3524441719055176
3.363008499145508
3.3729770183563232
3.37493896484375
3.440126657485962
3.466575860977173
3.4694535732269287
3.4903783798217773
3.4916577339172363
3.5166211128234863
3.5285825729370117
3.5295708179473877
3.5470833778381348
3.554581880569458
3.563317060470581
3.564359664916992
3.5674664974212646
3.603360652923584
3.620314359664917
3.6222074031829834
3.6263320446014404
3.629319429397583
3.6452152729034424
3.6483676433563232
3.6672754287719727
3.6714823246002197
3.699505090713501
3.7083513736724854
3.7210729122161865
3.742781639099121
3.7472667694091797
3.75791335105896
3.770280122756958
3.770941734313965
3.7835276126861572
3.822126865386963
3.8228042125701904
3.827632188796997
3.8296899795532227
3.885603904724121
3.930082321166992
3.941537857055664
3.9522337913513184
3.9893574714660645
4.010769605636597
4.0456156730651855
4.082732677459717
4.096035480499268
4.1269447803497314
4.156844615936279
4.187825441360474
4.192108392715454
4.194237470626831
4.2157206535339355
4.224661350250244
4.228708505630493
4.260801315307617
4.271450042724609
4.283830165863037
4.379127025604248
4.380189418792725
4.384461879730225
4.398232936859131
4.438917636871338
4.439153432846069
4.50793194770813
4.555931329727173
4.604008913040161
4.613517761230469
4.672538757324219
4.679479122161865
4.686513900756836
4.718402862548828
4.756274700164795
4.764091491699219
4.859427213668823
4.920856714248657
4.941773176193237
4.977371454238892
4.991703987121582
5.0375449657440186
5.047520160675049
5.071430206298828
5.1117637157440186
5.124715566635132
5.14127516746521
5.219850301742554
5.273054122924805
5.357462644577026
5.4494524002075195
5.471108675003052
5.533238172531128
5.538854360580444
5.567100524902344
5.778538942337036
5.786232233047485
5.804466724395752
5.92914080619812
6.076180696487427
6.243464231491089
6.331089973449707
6.408513784408569
6.413890838623047
6.430473327636719
6.502631664276123
6.610281467437744
6.626666784286499
7.052125930786133
7.112553119659424
7.151886224746704
7.290592193603516
7.597671747207642
7.653530120849609
7.77220606803894
8.486323833465576
8.618348598480225
10.043883085250854
12.350739240646362
