0.0009975433349609375
0.002991914749145508
0.0039670467376708984
0.003988504409790039
0.003989219665527344
0.003989696502685547
0.004985809326171875
0.00498652458190918
0.005983829498291016
0.006981372833251953
0.006986141204833984
0.007979154586791992
0.008975744247436523
0.008976221084594727
0.00997304916381836
0.009973764419555664
0.009986400604248047
0.013962268829345703
0.015957117080688477
0.01595759391784668
0.016950368881225586
0.017952442169189453
0.017952442169189453
0.018947839736938477
0.018949270248413086
0.021910429000854492
0.021941184997558594
0.021942138671875
0.022938013076782227
0.0239717960357666
0.025930404663085938
0.025931596755981445
0.025934219360351562
0.026927947998046875
0.02790689468383789
0.027925968170166016
0.027960777282714844
0.027987241744995117
0.028898239135742188
0.0307772159576416
0.03191494941711426
0.03191494941711426
0.03291177749633789
0.03390955924987793
0.034876108169555664
0.034906625747680664
0.034906625747680664
0.03493523597717285
0.0359036922454834
0.0359041690826416
0.036894798278808594
0.037405967712402344
0.037897586822509766
0.03789854049682617
0.038895368576049805
0.03889584541320801
0.03889632225036621
0.04089069366455078
0.04089093208312988
0.042856693267822266
0.04288482666015625
0.04288530349731445
0.042885780334472656
0.043882131576538086
0.043882131576538086
0.04388308525085449
0.04485273361206055
0.044907331466674805
0.04587578773498535
0.04587674140930176
0.04590034484863281
0.045900821685791016
0.04648113250732422
0.047661781311035156
0.04843330383300781
0.04884028434753418
0.04886913299560547
0.049375295639038086
0.04984307289123535
0.0498661994934082
0.0503993034362793
0.05086374282836914
0.050864458084106445
0.050864458084106445
0.05089116096496582
0.05186033248901367
0.052858591079711914
0.052858591079711914
0.053884029388427734
0.05485224723815918
0.054853200912475586
0.054970502853393555
0.055821895599365234
0.05585074424743652
0.05688047409057617
0.05781960487365723
0.057845115661621094
0.058866024017333984
0.05966925621032715
0.0608365535736084
0.06183433532714844
0.06283164024353027
0.06339716911315918
0.0640859603881836
0.06470298767089844
0.06482410430908203
0.06583118438720703
0.06682109832763672
0.06784915924072266
0.06881570816040039
0.07081055641174316
0.07183480262756348
0.07280468940734863
0.07283496856689453
0.07383179664611816
0.0747995376586914
0.07528519630432129
0.07579755783081055
0.07627439498901367
0.07878923416137695
0.07878923416137695
0.07978630065917969
0.07978677749633789
0.08078336715698242
0.08078360557556152
0.08178138732910156
0.08178210258483887
0.0818183422088623
0.08377552032470703
0.08577108383178711
0.08627605438232422
0.08655786514282227
0.08677053451538086
0.08779382705688477
0.0882716178894043
0.08873653411865234
0.08876204490661621
0.08876228332519531
0.09275197982788086
0.09275293350219727
0.09374880790710449
0.0937492847442627
0.0937495231628418
0.09474635124206543
0.09574174880981445
0.09574770927429199
0.09670805931091309
0.0967409610748291
0.09773850440979004
0.09873580932617188
0.09873580932617188
0.09873628616333008
0.10126543045043945
0.10169672966003418
0.10172820091247559
0.10272502899169922
0.10275459289550781
0.10385608673095703
0.10422778129577637
0.10471963882446289
0.10474109649658203
0.1055288314819336
0.10571765899658203
0.10574102401733398
0.10625123977661133
0.10870838165283203
0.11023998260498047
0.11070370674133301
0.11170220375061035
0.11267495155334473
0.11269807815551758
0.11369514465332031
0.11471843719482422
0.11519932746887207
0.11568999290466309
0.11647415161132812
0.11668801307678223
0.11668801307678223
0.11765694618225098
0.11768412590026855
0.11967992782592773
0.11968302726745605
0.12067770957946777
0.12067770957946777
0.1216738224029541
0.1216745376586914
0.12215399742126465
0.12466669082641602
0.1262187957763672
0.12666034698486328
0.12865567207336426
0.12865567207336426
0.1291370391845703
0.13065028190612793
0.1308748722076416
0.13164710998535156
0.13164758682250977
0.13164854049682617
0.13220572471618652
0.1326446533203125
0.13364195823669434
0.13364195823669434
0.13364315032958984
0.13463950157165527
0.13463973999023438
0.13563799858093262
0.13765406608581543
0.13765883445739746
0.138685941696167
0.14012527465820312
0.1406261920928955
0.14136219024658203
0.142073392868042
0.14248108863830566
0.14261794090270996
0.14361572265625
0.1441197395324707
0.14419102668762207
0.14620757102966309
0.1466073989868164
0.14760470390319824
0.1491081714630127
0.1491096019744873
0.14959979057312012
0.15161824226379395
0.15162253379821777
0.15259099006652832
0.15259170532226562
0.1535806655883789
0.15458130836486816
0.1550922393798828
0.15658807754516602
0.1571359634399414
0.15757417678833008
0.1575779914855957
0.15857505798339844
0.15857529640197754
0.15857553482055664
0.15857553482055664
0.15857553482055664
0.15957260131835938
0.15957283973693848
0.16060352325439453
0.16150617599487305
0.16156792640686035
0.16156816482543945
0.16162633895874023
0.16256475448608398
0.16256475448608398
0.16356182098388672
0.16456007957458496
0.16456007957458496
0.16456007957458496
0.1645679473876953
0.1655571460723877
0.1655571460723877
0.1661088466644287
0.16651153564453125
0.16655445098876953
0.167083740234375
0.16805791854858398
0.169053316116333
0.16954565048217773
0.16955137252807617
0.17054390907287598
0.17125916481018066
0.17154145240783691
0.17154145240783691
0.17253851890563965
0.17350482940673828
0.17403936386108398
0.17453312873840332
0.17602229118347168
0.1765272617340088
0.1765294075012207
0.17752456665039062
0.17752885818481445
0.17852210998535156
0.1795201301574707
0.18248867988586426
0.18292546272277832
0.18448877334594727
0.18749713897705078
0.1874980926513672
0.1874985694885254
0.1874985694885254
0.18849539756774902
0.18849587440490723
0.18850111961364746
0.18858575820922852
0.18999934196472168
0.19048857688903809
0.19050168991088867
0.19248485565185547
0.19248557090759277
0.19447851181030273
0.19447970390319824
0.19447994232177734
0.19447994232177734
0.19448065757751465
0.1949293613433838
0.1964738368988037
0.1964740753173828
0.19714140892028809
0.19747209548950195
0.19946813583374023
0.20046329498291016
0.20245933532714844
0.20345616340637207
0.20395946502685547
0.207444429397583
0.2074446678161621
0.2074446678161621
0.2074451446533203
0.20751190185546875
0.20844292640686035
0.21143436431884766
0.21150588989257812
0.21243071556091309
0.21296405792236328
0.21342897415161133
0.21346378326416016
0.21441292762756348
0.21442604064941406
0.21605491638183594
0.21694135665893555
0.21709418296813965
0.2184152603149414
0.2184159755706787
0.21903038024902344
0.22014141082763672
0.22041082382202148
0.22240519523620605
0.2234022617340088
0.22439908981323242
0.22440028190612793
0.22490644454956055
0.22541189193725586
0.226393461227417
0.22694611549377441
0.22739195823669434
0.22819066047668457
0.22838044166564941
0.22839570045471191
0.2293860912322998
0.2293863296508789
0.23038363456726074
0.23088741302490234
0.23088979721069336
0.23138046264648438
0.23138070106506348
0.23138093948364258
0.23235607147216797
0.2333531379699707
0.23437237739562988
0.2343916893005371
0.23439598083496094
0.2363440990447998
0.23834228515625
0.23839449882507324
0.23895478248596191
0.23939228057861328
0.2403559684753418
0.2403566837310791
0.24235224723815918
0.24250054359436035
0.24331879615783691
0.24332571029663086
0.2433485984802246
0.2433490753173828
0.24435949325561523
0.24558019638061523
0.24634075164794922
0.24634099006652832
0.24734282493591309
0.248335599899292
0.2483358383178711
0.2488398551940918
0.2488405704498291
0.24933195114135742
0.24933242797851562
0.24983954429626465
0.2500417232513428
0.25080370903015137
0.25130438804626465
0.2517735958099365
0.25232434272766113
0.25434446334838867
0.2548258304595947
0.25550150871276855
0.2563130855560303
0.25707483291625977
0.2573120594024658
0.25830864906311035
0.2593069076538086
0.2605283260345459
0.26130032539367676
0.26130080223083496
0.2614443302154541
0.2622981071472168
0.26291847229003906
0.26385998725891113
0.2652621269226074
0.2652900218963623
0.26579809188842773
0.2662637233734131
0.26628756523132324
0.26628804206848145
0.2677123546600342
0.2688004970550537
0.26888108253479004
0.26927757263183594
0.26927924156188965
0.27029943466186523
0.2708156108856201
0.271256685256958
0.27135133743286133
0.27228569984436035
0.27297496795654297
0.2729806900024414
0.2732689380645752
0.27379441261291504
0.2742640972137451
0.27426600456237793
0.27542591094970703
0.2757682800292969
0.2762608528137207
0.2762613296508789
0.27692365646362305
0.2782559394836426
0.2782566547393799
0.2792527675628662
0.28002476692199707
0.2807590961456299
0.2812464237213135
0.2822141647338867
0.2822432518005371
0.2822442054748535
0.2842390537261963
0.2852365970611572
0.28523755073547363
0.285991907119751
0.28623437881469727
0.2877688407897949
0.2889375686645508
0.2892262935638428
0.2922661304473877
0.29323530197143555
0.29520177841186523
0.2957637310028076
0.2962069511413574
0.29620814323425293
0.2962374687194824
0.2973182201385498
0.2982022762298584
0.2982025146484375
0.29831671714782715
0.29920005798339844
0.30016541481018066
0.30098438262939453
0.3011934757232666
0.3011937141418457
0.3041574954986572
0.3041863441467285
0.3042416572570801
0.30472373962402344
0.30518341064453125
0.3053274154663086
0.306138277053833
0.3061811923980713
0.306215763092041
0.30817604064941406
0.3082139492034912
0.3087928295135498
0.3091733455657959
0.30927443504333496
0.3096780776977539
0.31017017364501953
0.31116724014282227
0.31116819381713867
0.3121378421783447
0.31267261505126953
0.31316184997558594
0.31316232681274414
0.31316232681274414
0.3141593933105469
0.3151564598083496
0.3151569366455078
0.3168203830718994
0.3171513080596924
0.3201420307159424
0.3209357261657715
0.32320070266723633
0.32566070556640625
0.3291323184967041
0.3306233882904053
0.332111120223999
0.33212757110595703
0.33310818672180176
0.3331122398376465
0.333113431930542
0.33367252349853516
0.33507490158081055
0.3362417221069336
0.3366715908050537
0.3370978832244873
0.33760499954223633
0.339599609375
0.34108781814575195
0.3420908451080322
0.3430817127227783
0.3436009883880615
0.34455418586730957
0.34458374977111816
0.3450765609741211
0.3485877513885498
0.3500630855560303
0.35099053382873535
0.3510606288909912
0.3510754108428955
0.35156679153442383
0.3529794216156006
0.3530559539794922
0.35455751419067383
0.3560471534729004
0.35607147216796875
0.35651516914367676
0.35705041885375977
0.3570561408996582
0.3575172424316406
0.35803818702697754
0.3590400218963623
0.3595156669616699
0.36000537872314453
0.3601982593536377
0.3605947494506836
0.36104512214660645
0.3621790409088135
0.3623340129852295
0.3630537986755371
0.3640258312225342
0.3640866279602051
0.3650226593017578
0.3650233745574951
0.36601996421813965
0.36618876457214355
0.3670170307159424
0.36739158630371094
0.36901307106018066
0.37201881408691406
0.372028112411499
0.37253856658935547
0.3730018138885498
0.3730154037475586
0.3749966621398926
0.3759634494781494
0.37596988677978516
0.37701869010925293
0.37749528884887695
0.37815260887145996
0.3789534568786621
0.379040002822876
0.37949180603027344
0.3800685405731201
0.38150882720947266
0.38181209564208984
0.38297486305236816
0.38297557830810547
0.38399720191955566
0.38400769233703613
0.38403868675231934
0.38497352600097656
0.3859372138977051
0.385967493057251
0.3859751224517822
0.38706302642822266
0.38796114921569824
0.3889591693878174
0.3889656066894531
0.3894691467285156
0.3895223140716553
0.3904225826263428
0.3913230895996094
0.3919529914855957
0.3920142650604248
0.3929479122161865
0.39295315742492676
0.3929622173309326
0.39383792877197266
0.3977932929992676
0.3989088535308838
0.4009270668029785
0.40245580673217773
0.4027256965637207
0.4029216766357422
0.40293431282043457
0.4034264087677002
0.4039187431335449
0.40439271926879883
0.4069232940673828
0.4079115390777588
0.4084796905517578
0.4089059829711914
0.4109008312225342
0.41289544105529785
0.41289591789245605
0.41289854049682617
0.4138925075531006
0.4138929843902588
0.41390538215637207
0.41441988945007324
0.4148905277252197
0.4149034023284912
0.41588711738586426
0.41588759422302246
0.41649341583251953
0.41838884353637695
0.4184393882751465
0.4201936721801758
0.4203002452850342
0.42087340354919434
0.420917272567749
0.42130494117736816
0.4228687286376953
0.4234175682067871
0.42386531829833984
0.42586827278137207
0.4280881881713867
0.4286229610443115
0.42888355255126953
0.4294114112854004
0.4297456741333008
0.4298219680786133
0.42984533309936523
0.4303574562072754
0.4304335117340088
0.43056583404541016
0.4308168888092041
0.43084716796875
0.4318211078643799
0.43234992027282715
0.4344449043273926
0.43543481826782227
0.43833279609680176
0.4398231506347656
0.4411594867706299
0.441817045211792
0.44232177734375
0.4430053234100342
0.4438130855560303
0.44384074211120605
0.444840669631958
0.4455068111419678
0.44580698013305664
0.4468038082122803
0.44830989837646484
0.44879937171936035
0.45001220703125
0.4517369270324707
0.45360708236694336
0.45389699935913086
0.4544525146484375
0.4557809829711914
0.45677781105041504
0.4567832946777344
0.457796573638916
0.4587726593017578
0.4588451385498047
0.4593081474304199
0.45976948738098145
0.46027636528015137
0.4602961540222168
0.4617643356323242
0.4617879390716553
0.46236181259155273
0.46276283264160156
0.4632682800292969
0.46374964714050293
0.46431946754455566
0.464327335357666
0.4647247791290283
0.46475648880004883
0.46479129791259766
0.46575427055358887
0.46774864196777344
0.46774888038635254
0.4687466621398926
0.4697692394256592
0.4702479839324951
0.4717376232147217
0.47193002700805664
0.4722473621368408
0.4743611812591553
0.47480106353759766
0.4757530689239502
0.47583580017089844
0.4775567054748535
0.47871851921081543
0.4791250228881836
0.47971606254577637
0.4797496795654297
0.48083949089050293
0.48171114921569824
0.4835073947906494
0.4837057590484619
0.4847266674041748
0.4850187301635742
0.4857006072998047
0.48666954040527344
0.4866974353790283
0.4870922565460205
0.48723340034484863
0.48743247985839844
0.48821020126342773
0.48969054222106934
0.490159273147583
0.49068713188171387
0.4917123317718506
0.49320220947265625
0.49414873123168945
0.4961822032928467
0.49718618392944336
0.4973330497741699
0.4996623992919922
0.49997663497924805
0.5004570484161377
0.5011656284332275
0.501568078994751
0.5016608238220215
0.5021793842315674
0.5026669502258301
0.503169059753418
0.5036861896514893
0.5038783550262451
0.5046722888946533
0.5071847438812256
0.5079207420349121
0.5090618133544922
0.5091664791107178
0.5099143981933594
0.5106339454650879
0.5111372470855713
0.5111663341522217
0.5116307735443115
0.511648416519165
0.5126044750213623
0.5131361484527588
0.5141441822052002
0.5146059989929199
0.5148310661315918
0.5156204700469971
0.5201430320739746
0.5205814838409424
0.5226016044616699
0.522601842880249
0.5228903293609619
0.523310661315918
0.5235977172851562
0.5236539840698242
0.524075984954834
0.5241036415100098
0.5241317749023438
0.5246109962463379
0.5251026153564453
0.5254068374633789
0.5255947113037109
0.52559494972229
0.5255959033966064
0.525606632232666
0.5275883674621582
0.5287518501281738
0.5287666320800781
0.5298502445220947
0.530555009841919
0.5305802822113037
0.5305912494659424
0.5312197208404541
0.5317714214324951
0.5325748920440674
0.5325813293457031
0.5330297946929932
0.5331089496612549
0.5333726406097412
0.5342447757720947
0.534569263458252
0.5345697402954102
0.5351018905639648
0.5356013774871826
0.5395560264587402
0.5395798683166504
0.5400621891021729
0.5405533313751221
0.5405535697937012
0.5435738563537598
0.5450506210327148
0.5465090274810791
0.5465619564056396
0.5468673706054688
0.5470438003540039
0.5476531982421875
0.5480351448059082
0.5480673313140869
0.5490784645080566
0.5491364002227783
0.5501208305358887
0.5534772872924805
0.5536541938781738
0.5545163154602051
0.5545172691345215
0.5563640594482422
0.5575082302093506
0.5575084686279297
0.5600252151489258
0.5604996681213379
0.5610067844390869
0.5612738132476807
0.5614924430847168
0.5614969730377197
0.5644919872283936
0.5645034313201904
0.5647134780883789
0.5654864311218262
0.5654869079589844
0.5657861232757568
0.5672142505645752
0.5680372714996338
0.568324089050293
0.5683751106262207
0.568474292755127
0.5690112113952637
0.5699644088745117
0.5699801445007324
0.5700128078460693
0.5700433254241943
0.5701389312744141
0.5706100463867188
0.5709877014160156
0.5730290412902832
0.5734658241271973
0.5742490291595459
0.5745761394500732
0.5760812759399414
0.5764575004577637
0.5773251056671143
0.5783472061157227
0.5784199237823486
0.578986406326294
0.5809516906738281
0.5809643268585205
0.5815136432647705
0.5819497108459473
0.582413911819458
0.5839428901672363
0.5849721431732178
0.5864367485046387
0.5874285697937012
0.5874285697937012
0.5900144577026367
0.5910763740539551
0.5917637348175049
0.5917913913726807
0.5924148559570312
0.592921257019043
0.5929789543151855
0.5943124294281006
0.5964324474334717
0.5969095230102539
0.5973734855651855
0.5979077816009521
0.598588228225708
0.5993719100952148
0.5993967056274414
0.6000571250915527
0.6000759601593018
0.6003706455230713
0.601337194442749
0.6018984317779541
0.6023886203765869
0.6028928756713867
0.6030685901641846
0.6031296253204346
0.6032850742340088
0.6034038066864014
0.6035268306732178
0.6050944328308105
0.6058855056762695
0.6064057350158691
0.6083722114562988
0.6089019775390625
0.6093850135803223
0.61043381690979
0.610872745513916
0.6113641262054443
0.6118736267089844
0.6118900775909424
0.6135015487670898
0.6142697334289551
0.6153204441070557
0.615384578704834
0.6158297061920166
0.6163923740386963
0.6173489093780518
0.6173770427703857
0.6173946857452393
0.618030309677124
0.6187849044799805
0.620356559753418
0.6218438148498535
0.6238367557525635
0.6254713535308838
0.6261506080627441
0.6275594234466553
0.6277000904083252
0.6283197402954102
0.6283934116363525
0.6292870044708252
0.629936695098877
0.6302793025970459
0.6303145885467529
0.6303269863128662
0.6313111782073975
0.6317620277404785
0.6320672035217285
0.6323084831237793
0.633305549621582
0.6333575248718262
0.6335971355438232
0.63381028175354
0.6343019008636475
0.6348738670349121
0.6349413394927979
0.635387659072876
0.6354775428771973
0.6357762813568115
0.6368162631988525
0.6373109817504883
0.6382908821105957
0.6384141445159912
0.6392943859100342
0.6393208503723145
0.6403317451477051
0.6403393745422363
0.6408510208129883
0.6416568756103516
0.6432797908782959
0.6437160968780518
0.6438002586364746
0.6447813510894775
0.6447916030883789
0.644794225692749
0.6457109451293945
0.6468358039855957
0.6475467681884766
0.6492629051208496
0.6497669219970703
0.6497960090637207
0.6513023376464844
0.6522855758666992
0.6529145240783691
0.6545255184173584
0.655249834060669
0.6552774906158447
0.6553347110748291
0.6564092636108398
0.6566970348358154
0.6574444770812988
0.6577296257019043
0.6579244136810303
0.6586418151855469
0.6587662696838379
0.6597418785095215
0.6607069969177246
0.660738468170166
0.661707878112793
0.6622283458709717
0.6622574329376221
0.6623232364654541
0.6642723083496094
0.6647400856018066
0.6647961139678955
0.6652209758758545
0.6662178039550781
0.666250467300415
0.6667239665985107
0.6670362949371338
0.6676909923553467
0.6682121753692627
0.6693527698516846
0.6699304580688477
0.6722538471221924
0.6737089157104492
0.6740827560424805
0.6751930713653564
0.6761908531188965
0.678999662399292
0.6791853904724121
0.6844296455383301
0.7051661014556885
0.7211992740631104
0.7609641551971436
