0.2912321090698242
0.7709493637084961
0.9330246448516846
1.1290082931518555
1.1883900165557861
2.0044612884521484
2.6309969425201416
2.6943328380584717
3.026423931121826
4.1483447551727295
4.210776090621948
4.2342798709869385
4.645846605300903
4.709624290466309
4.740480184555054
4.774449825286865
4.863589286804199
5.007920980453491
5.094516754150391
5.303726673126221
5.847559213638306
6.212589502334595
6.702700614929199
7.0105156898498535
7.584181308746338
8.60921835899353
8.785088300704956
9.261027097702026
9.499576807022095
9.644868612289429
9.658077239990234
10.484814167022705
10.500631093978882
10.990121841430664
11.087158679962158
11.966469049453735
12.311669111251831
12.76042103767395
13.626456499099731
13.92155647277832
14.060706377029419
15.096044301986694
15.280324697494507
15.93949270248413
17.03338360786438
17.110398769378662
17.11281681060791
17.60578417778015
18.7037296295166
19.514257669448853
19.627869606018066
19.90699052810669
20.35219120979309
22.469388246536255
22.65793013572693
22.96838879585266
23.581076860427856
24.97609806060791
26.398473024368286
28.917229890823364
30.809990644454956
31.14973759651184
31.30344009399414
31.368832111358643
33.127907276153564
33.797067165374756
35.853928327560425
36.5597505569458
36.79831886291504
36.84630012512207
36.967443227767944
38.04083251953125
38.52201056480408
38.979549169540405
40.145976305007935
40.58318257331848
40.843109369277954
41.001394748687744
41.514915466308594
43.19053792953491
43.916781425476074
44.352330684661865
45.602962017059326
46.439462184906006
46.5943922996521
48.56493902206421
51.39511775970459
53.459128856658936
61.26468467712402
61.423142194747925
62.21224522590637
64.51214551925659
72.22577428817749
74.30318760871887
75.06438541412354
76.00036931037903
87.39202570915222
97.6870858669281
106.24902391433716
177.69992446899414
