0.010970354080200195
0.1416471004486084
0.4443168640136719
0.46276187896728516
0.9690186977386475
1.0122942924499512
1.3329613208770752
1.5195519924163818
1.5324172973632812
1.7333848476409912
2.2225844860076904
2.249992609024048
2.764662027359009
2.78238844871521
2.8829963207244873
3.008216381072998
3.1880431175231934
3.5613954067230225
3.820474624633789
4.007235765457153
4.151241302490234
4.251496315002441
4.669655799865723
4.6939496994018555
4.733827352523804
4.869523048400879
4.944651126861572
5.007918119430542
5.128154516220093
5.179605007171631
5.794600248336792
5.861877202987671
6.169536590576172
6.219192981719971
6.282978534698486
6.422907590866089
6.4605865478515625
6.999655723571777
7.053436040878296
7.268927812576294
7.34667706489563
7.751341342926025
7.979260683059692
8.190333366394043
8.253844022750854
8.256523609161377
8.428179264068604
8.444857597351074
8.863847255706787
8.983196496963501
9.05614686012268
9.115946531295776
9.634356021881104
9.96897840499878
10.590896129608154
10.727111339569092
11.103573560714722
11.493056058883667
12.337870121002197
12.610669612884521
13.109073400497437
13.186005592346191
13.19701623916626
13.7911057472229
14.070291996002197
14.109123706817627
14.584342002868652
14.760119676589966
14.878337144851685
15.143526077270508
15.589864730834961
15.774335145950317
15.790584802627563
15.794929504394531
16.19099235534668
16.201913595199585
16.21213126182556
16.71644115447998
16.797433853149414
16.849077463150024
17.0596661567688
17.629384756088257
17.777271270751953
17.98609685897827
18.40724205970764
18.549631118774414
18.74931573867798
18.812429904937744
19.1978600025177
19.665618181228638
19.707191467285156
19.727380990982056
20.0214204788208
20.512245178222656
20.682878017425537
20.86899185180664
21.059250116348267
21.13881278038025
22.109177112579346
22.129801511764526
