0.19046282768249512
0.41607022285461426
3.906172752380371
4.343658924102783
5.223327159881592
5.7139832973480225
5.732316255569458
9.581828355789185
12.118053913116455
12.43866491317749
12.884950637817383
12.903512001037598
14.099494695663452
14.566192626953125
16.148706197738647
16.376778841018677
21.171221256256104
21.67016291618347
21.839274883270264
22.181570529937744
22.393757820129395
22.398744821548462
23.874549865722656
26.488545894622803
28.03407120704651
29.599507093429565
31.141127586364746
32.86957931518555
32.97288370132446
33.8072144985199
34.74743938446045
36.67802596092224
40.38259482383728
41.71922588348389
43.82850003242493
44.32405686378479
45.52970027923584
46.28849124908447
51.00470232963562
58.61880874633789
61.52806282043457
65.38017129898071
78.14208912849426
79.92596507072449
84.99349021911621
87.7748236656189
93.10640144348145
112.03894829750061
114.40188384056091
132.5009593963623
