0.005983114242553711
0.01296544075012207
0.020278453826904297
0.023906469345092773
0.023936033248901367
0.034906625747680664
0.04186439514160156
0.04186558723449707
0.04188895225524902
0.0439457893371582
0.04587745666503906
0.046874284744262695
0.05585074424743652
0.05585122108459473
0.056845664978027344
0.057813405990600586
0.058843135833740234
0.0638284683227539
0.0688164234161377
0.07479977607727051
0.07679510116577148
0.07881736755371094
0.07936716079711914
0.08476448059082031
0.08776497840881348
0.08776521682739258
0.09009051322937012
0.09028911590576172
0.09474682807922363
0.12067723274230957
0.12865591049194336
0.13364219665527344
0.13414454460144043
0.13759970664978027
0.13763213157653809
0.14760494232177734
0.14763736724853516
0.14811253547668457
0.1545858383178711
0.15558314323425293
0.16156721115112305
0.16207265853881836
0.1630706787109375
0.16755151748657227
0.16755199432373047
0.17313647270202637
0.17453312873840332
0.17553067207336426
0.17852282524108887
0.18455171585083008
0.1904897689819336
0.19544577598571777
0.19846773147583008
0.20046448707580566
0.20245885848999023
0.20345830917358398
0.20516562461853027
0.2115037441253662
0.21268415451049805
0.21297931671142578
0.21342897415161133
0.21439456939697266
0.21448373794555664
0.21642088890075684
0.22137951850891113
0.22655820846557617
0.22739243507385254
0.23778486251831055
0.24007320404052734
0.2403566837310791
0.2403573989868164
0.24135398864746094
0.2453441619873047
0.24884843826293945
0.25033092498779297
0.2528548240661621
0.25531649589538574
0.2568953037261963
0.25830912590026855
0.2632319927215576
0.26477956771850586
0.2649521827697754
0.26725339889526367
0.2702765464782715
0.27030038833618164
0.2732694149017334
0.2758808135986328
0.2957150936126709
0.2961902618408203
0.29671263694763184
0.2970278263092041
0.2972285747528076
0.29920029640197754
0.3031005859375
0.30501484870910645
0.30718231201171875
0.3121645450592041
0.3149893283843994
0.3166625499725342
0.32114100456237793
0.3236973285675049
0.32712411880493164
0.3321411609649658
0.33610081672668457
0.3425912857055664
0.3460419178009033
0.34670281410217285
0.3470749855041504
0.3495457172393799
0.3500678539276123
0.3510603904724121
0.35202670097351074
0.357572078704834
0.36003684997558594
0.3605384826660156
0.36302828788757324
0.3650233745574951
0.3650374412536621
0.3663961887359619
0.3700096607208252
0.37200379371643066
0.3730025291442871
0.37328052520751953
0.3779892921447754
0.37805628776550293
0.38197755813598633
0.38593602180480957
0.38596677780151367
0.3869647979736328
0.38698482513427734
0.3883671760559082
0.3885157108306885
0.3899805545806885
0.3908882141113281
0.3919510841369629
0.3919832706451416
0.3949122428894043
0.39896321296691895
0.4054222106933594
0.40993404388427734
0.4118976593017578
0.41213345527648926
0.41385602951049805
0.4168531894683838
0.4173886775970459
0.4203829765319824
0.4204130172729492
0.4242544174194336
0.4258608818054199
0.4262993335723877
0.4278693199157715
0.4282076358795166
0.4283015727996826
0.4324347972869873
0.43426942825317383
0.4359409809112549
0.4398331642150879
0.44032812118530273
0.4414680004119873
0.44477343559265137
0.44677281379699707
0.4488217830657959
0.45111823081970215
0.45179128646850586
0.45478200912475586
0.4547910690307617
0.45677852630615234
0.45699262619018555
0.4573540687561035
0.4587721824645996
0.46874547004699707
0.4720332622528076
0.4722282886505127
0.47373175621032715
0.47473573684692383
0.47922515869140625
0.4807138442993164
0.48239636421203613
0.4837055206298828
0.4853236675262451
0.48720216751098633
0.48769426345825195
0.4886927604675293
0.4916837215423584
0.4927544593811035
0.496671199798584
0.4976675510406494
0.5019245147705078
0.502161979675293
0.5021650791168213
0.5064327716827393
0.5066447257995605
0.5071511268615723
0.5089943408966064
0.5104837417602539
0.5142028331756592
0.5146646499633789
0.516127347946167
0.5176074504852295
0.5186128616333008
0.5196089744567871
0.5213816165924072
0.5226025581359863
0.523655891418457
0.5237791538238525
0.5251007080078125
0.5310871601104736
0.5324881076812744
0.5341787338256836
0.5355672836303711
0.5421538352966309
0.5430552959442139
0.5470430850982666
0.5485765933990479
0.5524904727935791
0.5525531768798828
0.5540034770965576
0.5585060119628906
0.5670044422149658
0.5694985389709473
0.5774555206298828
0.5774569511413574
0.5815861225128174
0.5818479061126709
0.5819947719573975
0.5873377323150635
0.5874316692352295
0.5934271812438965
0.5947608947753906
0.5973930358886719
0.6013584136962891
0.6018972396850586
0.6023871898651123
0.6082935333251953
0.6093838214874268
0.6120791435241699
0.6123967170715332
0.6188983917236328
0.6193673610687256
0.6229298114776611
0.6240687370300293
0.6244792938232422
0.6266810894012451
0.6313111782073975
0.6334176063537598
0.6361188888549805
0.6383113861083984
0.6452739238739014
0.6472692489624023
0.6482949256896973
0.6522297859191895
0.6583154201507568
0.6592347621917725
0.6592495441436768
0.6603519916534424
0.6620807647705078
0.6657259464263916
0.6662130355834961
0.6731986999511719
0.6781864166259766
0.6822445392608643
0.6906852722167969
0.7001309394836426
0.7020857334136963
0.7030868530273438
0.7061107158660889
0.7065038681030273
0.7085826396942139
0.7091166973114014
0.7101311683654785
0.7111599445343018
0.7161643505096436
0.7163095474243164
0.717644453048706
0.7185835838317871
0.7190752029418945
0.722588062286377
0.724625825881958
0.7308852672576904
0.7310473918914795
0.7360310554504395
0.7384896278381348
0.7462756633758545
0.7484698295593262
0.7515122890472412
0.7539832592010498
0.7573831081390381
0.758002758026123
0.7611780166625977
0.7681362628936768
0.7694196701049805
0.7709095478057861
0.7734520435333252
0.7748963832855225
0.7751421928405762
0.7814157009124756
0.785529613494873
0.7859106063842773
0.7859458923339844
0.7879056930541992
0.7886343002319336
0.7984535694122314
0.8018546104431152
0.8037779331207275
0.808835506439209
0.8155407905578613
0.8199944496154785
0.8208346366882324
0.8217992782592773
0.8218014240264893
0.8292901515960693
0.8303892612457275
0.8335926532745361
0.834766149520874
0.8357641696929932
0.8390622138977051
0.8414473533630371
0.8427479267120361
0.844247579574585
0.8477354049682617
0.8494951725006104
0.8567221164703369
0.8589932918548584
0.8593957424163818
0.8598167896270752
0.8666973114013672
0.8701815605163574
0.8715083599090576
0.8755612373352051
0.8776645660400391
0.8776819705963135
0.8781585693359375
0.8831362724304199
0.8841404914855957
0.8846330642700195
0.8862841129302979
0.8886723518371582
0.8906114101409912
0.8919615745544434
0.8952162265777588
0.8985638618469238
0.8992462158203125
0.9021797180175781
0.9027016162872314
0.9077460765838623
0.9114718437194824
0.9160592555999756
0.9192023277282715
0.92104172706604
0.9355132579803467
0.936241626739502
0.9397439956665039
0.9418082237243652
0.9429934024810791
0.9435153007507324
0.9454693794250488
0.9469738006591797
0.947969913482666
0.9494726657867432
0.9499859809875488
0.9524784088134766
0.958843469619751
0.9621009826660156
0.964930534362793
0.9731884002685547
0.9746932983398438
0.9762952327728271
0.9803776741027832
0.9811198711395264
0.9890835285186768
0.9895780086517334
0.9921863079071045
0.995842456817627
1.0023322105407715
1.0072743892669678
1.0082817077636719
1.0100107192993164
1.0109879970550537
1.0112595558166504
1.012291669845581
1.0128650665283203
1.0138518810272217
1.025963306427002
1.026900291442871
1.0350253582000732
1.0353190898895264
1.0353918075561523
1.0402324199676514
1.043961763381958
1.052860975265503
1.0546965599060059
1.0582177639007568
1.058795690536499
1.0597569942474365
1.0608632564544678
1.0625009536743164
1.0625457763671875
1.0654890537261963
1.076286792755127
1.087264060974121
1.0876028537750244
1.0886256694793701
1.091944932937622
1.093080997467041
1.093090534210205
1.0932214260101318
1.0975725650787354
1.1000378131866455
1.1000750064849854
1.1011130809783936
1.1040599346160889
1.10554838180542
1.1164829730987549
1.117161750793457
1.1234755516052246
1.125990867614746
1.1260979175567627
1.1304810047149658
1.1314804553985596
1.1319708824157715
1.1341445446014404
1.13810133934021
1.1426303386688232
1.1429405212402344
1.1444520950317383
1.1454603672027588
1.1484510898590088
1.1488234996795654
1.1492869853973389
1.1543867588043213
1.1551203727722168
1.1571414470672607
1.1572906970977783
1.15791654586792
1.1580524444580078
1.1627678871154785
1.163395881652832
1.1668939590454102
1.1683952808380127
1.1692936420440674
1.1729412078857422
1.1768651008605957
1.1773576736450195
1.177879810333252
1.1854057312011719
1.1902897357940674
1.1948027610778809
1.2054638862609863
1.2077994346618652
1.208237886428833
1.2117559909820557
1.2148168087005615
1.2218985557556152
1.223900318145752
1.2241358757019043
1.2316110134124756
1.2330338954925537
1.2339386940002441
1.2373688220977783
1.2625017166137695
1.262688159942627
1.2632267475128174
1.2633893489837646
1.2636191844940186
1.2681283950805664
1.2681798934936523
1.2788023948669434
1.2804315090179443
1.2805852890014648
1.2830820083618164
1.2833614349365234
1.285036563873291
1.2861642837524414
1.2898838520050049
1.29017972946167
1.2919480800628662
1.2937798500061035
1.299030065536499
1.300130844116211
1.3010666370391846
1.3095242977142334
1.3120555877685547
1.3155457973480225
1.3169827461242676
1.3178679943084717
1.3189592361450195
1.3257830142974854
1.3259589672088623
1.3289546966552734
1.3325002193450928
1.3349242210388184
1.3359484672546387
1.3381633758544922
1.3424432277679443
1.3427221775054932
1.344810962677002
1.3472564220428467
1.3477816581726074
1.3478527069091797
1.3486511707305908
1.3488154411315918
1.3491637706756592
1.3510823249816895
1.3552932739257812
1.3582184314727783
1.3616769313812256
1.3618922233581543
1.3648135662078857
1.3660480976104736
1.3660554885864258
1.366126298904419
1.3688452243804932
1.3699641227722168
1.372960090637207
1.3748633861541748
1.3790478706359863
1.3849248886108398
1.3855974674224854
1.3893425464630127
1.3895881175994873
1.3939659595489502
1.3947770595550537
1.3970627784729004
1.3994359970092773
1.4031982421875
1.4032766819000244
1.4074060916900635
1.4082458019256592
1.411219596862793
1.415919542312622
1.4198861122131348
1.4234039783477783
1.4239187240600586
1.4262359142303467
1.4277005195617676
1.4280645847320557
1.42974853515625
1.43324613571167
1.4337031841278076
1.4399187564849854
1.4402542114257812
1.4418280124664307
1.444122076034546
1.449422836303711
1.4500164985656738
1.455484390258789
1.4572067260742188
1.4597668647766113
1.4601783752441406
1.4612336158752441
1.4630990028381348
1.466078281402588
1.4687325954437256
1.4729270935058594
1.472975492477417
1.4740185737609863
1.481806993484497
1.491063117980957
1.4913997650146484
1.4942667484283447
1.5015037059783936
1.5018284320831299
1.5035951137542725
1.5071430206298828
1.5117158889770508
1.5159497261047363
1.518049716949463
1.5184895992279053
1.519637107849121
1.5252203941345215
1.5274484157562256
1.528444528579712
1.530989408493042
1.5329129695892334
1.5348169803619385
1.5355415344238281
1.5364298820495605
1.5368156433105469
1.5406489372253418
1.5433790683746338
1.5443897247314453
1.5455970764160156
1.5459048748016357
1.547102689743042
1.5490813255310059
1.5506865978240967
1.5532081127166748
1.555238962173462
1.560196876525879
1.5614855289459229
1.564786434173584
1.5802946090698242
1.5926597118377686
1.594362735748291
1.5956826210021973
1.597405195236206
1.6087474822998047
1.610142469406128
1.6121540069580078
1.617168664932251
1.6182310581207275
1.6241602897644043
1.6353263854980469
1.6372249126434326
1.6376569271087646
1.6391479969024658
1.6412599086761475
1.6436913013458252
1.6442592144012451
1.6481153964996338
1.651611566543579
1.6532704830169678
1.6546669006347656
1.6591079235076904
1.6604907512664795
1.6643764972686768
1.6686134338378906
1.6705641746520996
1.6745102405548096
1.6749038696289062
1.696906566619873
1.696934700012207
1.7038805484771729
1.7075722217559814
1.7095611095428467
1.709989070892334
1.710512399673462
1.711228370666504
1.7130117416381836
1.7150790691375732
1.7161304950714111
1.716407299041748
1.720057487487793
1.7229137420654297
1.7287039756774902
1.7306230068206787
1.7312262058258057
1.7316358089447021
1.7399306297302246
1.7439978122711182
1.7460482120513916
1.7575910091400146
1.7576632499694824
1.7583248615264893
1.7604742050170898
1.767336368560791
1.7745933532714844
1.7784955501556396
1.7796761989593506
1.782907247543335
1.7858903408050537
1.7862637042999268
1.788468360900879
1.7899460792541504
1.793962001800537
1.795642375946045
1.7958838939666748
1.8004121780395508
1.8024559020996094
1.8034560680389404
1.8074464797973633
1.8082618713378906
1.8113527297973633
1.8127455711364746
1.8155436515808105
1.8169450759887695
1.8193671703338623
1.825221300125122
1.826934576034546
1.8277649879455566
1.8294155597686768
1.8303987979888916
1.833214521408081
1.834913969039917
1.8356101512908936
1.8383705615997314
1.8433096408843994
1.8436930179595947
1.8441016674041748
1.8475215435028076
1.848114252090454
1.8530185222625732
1.853578805923462
1.8566992282867432
1.8569409847259521
1.8575828075408936
1.8620283603668213
1.8636703491210938
1.865978717803955
1.8688552379608154
1.868905782699585
1.8808627128601074
1.8818399906158447
1.882530927658081
1.8879616260528564
1.8926873207092285
1.892693042755127
1.8957993984222412
1.9020161628723145
1.9038879871368408
1.9052469730377197
1.906498908996582
1.907482624053955
1.9075369834899902
1.908198595046997
1.9097576141357422
1.909834861755371
1.9138951301574707
1.9187860488891602
1.9239704608917236
1.929452896118164
1.936035394668579
1.9432246685028076
1.9442262649536133
1.9491000175476074
1.9508695602416992
1.9518308639526367
1.954554557800293
1.9554595947265625
1.9581081867218018
1.9608728885650635
1.9658153057098389
1.9728991985321045
1.9777226448059082
1.9784173965454102
1.9797399044036865
1.9806082248687744
1.9870069026947021
1.9985120296478271
2.0011727809906006
2.007612705230713
2.0154049396514893
2.0156102180480957
2.017331123352051
2.0196492671966553
2.0203230381011963
2.021228313446045
2.021249771118164
2.027310848236084
2.031775951385498
2.0329229831695557
2.0343141555786133
2.038647174835205
2.0411672592163086
2.042609453201294
2.0440127849578857
2.044053077697754
2.0444247722625732
2.0462183952331543
2.046555519104004
2.050529956817627
2.054537296295166
2.0565595626831055
2.059345245361328
2.060514450073242
2.0613174438476562
2.0649003982543945
2.068035840988159
2.0711779594421387
2.0724692344665527
2.0764873027801514
2.0782299041748047
2.07835054397583
2.0848798751831055
2.085923433303833
2.091367483139038
2.0946805477142334
2.095905065536499
2.0964128971099854
2.0979480743408203
2.101412534713745
2.101738214492798
2.104771375656128
2.1074280738830566
2.113358974456787
2.118248462677002
2.1248297691345215
2.1278533935546875
2.1293303966522217
2.1304314136505127
2.13376784324646
2.133941173553467
2.145519733428955
2.1469905376434326
2.14841890335083
2.1532089710235596
2.16029953956604
2.1632261276245117
2.165541648864746
2.1669204235076904
2.170210599899292
2.1709554195404053
2.172034978866577
2.172952175140381
2.1735880374908447
2.1786794662475586
2.181504726409912
2.186737298965454
2.188044786453247
2.1902408599853516
2.192004442214966
2.1923134326934814
2.198744058609009
2.2013895511627197
2.2041897773742676
2.209348440170288
2.2116055488586426
2.21474027633667
2.215254545211792
2.216294527053833
2.219592332839966
2.220649003982544
2.221673011779785
2.229069709777832
2.2307817935943604
2.232001543045044
2.2363507747650146
2.2375268936157227
2.240654706954956
2.241950035095215
2.250687837600708
2.2520012855529785
2.2558538913726807
2.2585489749908447
2.259381055831909
2.2617413997650146
2.2647836208343506
2.269406795501709
2.2694592475891113
2.274914503097534
2.2772130966186523
2.286921501159668
2.2909202575683594
2.2918829917907715
2.2977895736694336
2.3053295612335205
2.3083600997924805
2.3113174438476562
2.312835693359375
2.3129284381866455
2.315380573272705
2.3183798789978027
2.3196465969085693
2.321603775024414
2.3235323429107666
2.324204921722412
2.3246302604675293
2.328244686126709
2.328375816345215
2.330986499786377
2.331303119659424
2.332315444946289
2.3326618671417236
2.3327200412750244
2.332883834838867
2.3387439250946045
2.344658851623535
2.3476274013519287
2.354506492614746
2.3563454151153564
2.3567769527435303
2.357360363006592
2.362779140472412
2.373852252960205
2.3746871948242188
2.3768956661224365
2.377767324447632
2.3814871311187744
2.3817038536071777
2.381744384765625
2.3861401081085205
2.3866617679595947
2.3914947509765625
2.403794765472412
2.4047915935516357
2.405150890350342
2.406996488571167
2.4123685359954834
2.413404703140259
2.4145724773406982
2.417463779449463
2.4195737838745117
2.4205265045166016
2.4209537506103516
2.421574831008911
2.4221644401550293
2.426021099090576
2.4305427074432373
2.4378533363342285
2.4440155029296875
2.450658082962036
2.4530539512634277
2.4539904594421387
2.4542462825775146
2.4556398391723633
2.45695161819458
2.4570422172546387
2.4630179405212402
2.463507652282715
2.466071844100952
2.466097593307495
2.4786174297332764
2.4839210510253906
2.4897682666778564
2.496717929840088
2.4994006156921387
2.505751371383667
2.508878231048584
2.5109434127807617
2.5125348567962646
2.5169477462768555
2.519630193710327
2.520784378051758
2.521026849746704
2.526090145111084
2.5270259380340576
2.5278258323669434
2.529017925262451
2.53312611579895
2.5355095863342285
2.5369794368743896
2.5390918254852295
2.542112112045288
2.545074939727783
2.5512681007385254
2.5519847869873047
2.556352376937866
2.5565717220306396
2.5576932430267334
2.5596120357513428
2.560302734375
2.5611395835876465
2.5722506046295166
2.58034086227417
2.5831079483032227
2.5844736099243164
2.584540605545044
2.5884971618652344
2.5885212421417236
2.588886260986328
2.5889313220977783
2.5905919075012207
2.5918097496032715
2.59584641456604
2.596359968185425
2.596775531768799
2.597240447998047
2.5976076126098633
2.602189779281616
2.605494737625122
2.6060070991516113
2.6081831455230713
2.60829496383667
2.6101293563842773
2.6129343509674072
2.61653733253479
2.617753744125366
2.6258962154388428
2.628331184387207
2.6299641132354736
2.6316733360290527
2.6336395740509033
2.636777877807617
2.6395649909973145
2.6397311687469482
2.640965223312378
2.641680955886841
2.642547130584717
2.6428775787353516
2.6448326110839844
2.6487934589385986
2.6494691371917725
2.652414321899414
2.655451774597168
2.660421371459961
2.663109302520752
2.665928602218628
2.666628122329712
2.667344808578491
2.6673645973205566
2.6689774990081787
2.671386241912842
2.6730244159698486
2.6751089096069336
2.6760804653167725
2.6795170307159424
2.6803340911865234
2.6918301582336426
2.694223403930664
2.694934129714966
2.7011759281158447
2.7033510208129883
2.731375217437744
2.7622265815734863
2.7883975505828857
2.8047544956207275
2.812642812728882
2.9120476245880127
3.041454792022705
3.114215850830078
