0.0
0.0
0.0009984970092773438
0.0019960403442382812
0.0039670467376708984
0.004988670349121094
0.006983280181884766
0.007978439331054688
0.007978677749633789
0.008974552154541016
0.012995719909667969
0.014024734497070312
0.014963150024414062
0.016981840133666992
0.01797652244567871
0.017980098724365234
0.01891803741455078
0.020942211151123047
0.02194070816040039
0.021945714950561523
0.024962425231933594
0.02496623992919922
0.025957584381103516
0.02595973014831543
0.027955055236816406
0.03291440010070801
0.03391742706298828
0.03393411636352539
0.03493380546569824
0.03493642807006836
0.036928653717041016
0.03692913055419922
0.03789639472961426
0.04191732406616211
0.04288458824157715
0.042913198471069336
0.042914628982543945
0.042914628982543945
0.04387784004211426
0.04388141632080078
0.04391169548034668
0.04391789436340332
0.04588007926940918
0.046843767166137695
0.0468745231628418
0.04789924621582031
0.04790163040161133
0.048866987228393555
0.04886937141418457
0.04889678955078125
0.05089306831359863
0.05183577537536621
0.05186271667480469
0.05388450622558594
0.053888559341430664
0.05488252639770508
0.05684804916381836
0.0598444938659668
0.05986428260803223
0.05987215042114258
0.0608060359954834
0.06186366081237793
0.06286144256591797
0.06286239624023438
0.0648200511932373
0.06483030319213867
0.06582379341125488
0.06585311889648438
0.06784224510192871
0.06784582138061523
0.06881499290466309
0.06883525848388672
0.0688467025756836
0.06885218620300293
0.06981277465820312
0.06984472274780273
0.07081079483032227
0.07081246376037598
0.07083773612976074
0.07084274291992188
0.07280707359313965
0.07280993461608887
0.07579326629638672
0.07679057121276855
0.07682371139526367
0.07879281044006348
0.08178138732910156
0.08377695083618164
0.08480119705200195
0.08480215072631836
0.08480286598205566
0.0857706069946289
0.08579468727111816
0.0858008861541748
0.0858011245727539
0.08978724479675293
0.08978986740112305
0.09078764915466309
0.0907890796661377
0.09178376197814941
0.0937507152557373
0.09377598762512207
0.09574389457702637
0.09673929214477539
0.0967705249786377
0.0967719554901123
0.09873032569885254
0.10072851181030273
0.10073041915893555
0.10472536087036133
0.10574698448181152
0.10773921012878418
0.10774588584899902
0.10873866081237793
0.11170339584350586
0.11372494697570801
0.11568737030029297
0.1156928539276123
0.11571884155273438
0.12166857719421387
0.1226954460144043
0.12270569801330566
0.1256554126739502
0.1306471824645996
0.1306748390197754
0.1326456069946289
0.1326746940612793
0.13364171981811523
0.13564205169677734
0.1356661319732666
0.1356668472290039
0.13660597801208496
0.1366591453552246
0.13666629791259766
0.1396183967590332
0.14064717292785645
0.14064788818359375
0.1406550407409668
0.14162588119506836
0.14264893531799316
0.1436166763305664
0.14366626739501953
0.14561009407043457
0.14660954475402832
0.15260076522827148
0.15361928939819336
0.15561413764953613
0.15658140182495117
0.15661048889160156
0.1575775146484375
0.1575777530670166
0.1605699062347412
0.16159391403198242
0.16159725189208984
0.16161274909973145
0.16359162330627441
0.1655561923980713
0.1655566692352295
0.16655635833740234
0.16758394241333008
0.16957592964172363
0.17253828048706055
0.1745624542236328
0.17552709579467773
0.1765279769897461
0.1775524616241455
0.18051981925964355
0.1825392246246338
0.1825423240661621
0.1844768524169922
0.18453645706176758
0.18550443649291992
0.1874990463256836
0.18752741813659668
0.187530517578125
0.19151711463928223
0.19251036643981934
0.19251441955566406
0.1934816837310791
0.19348764419555664
0.19350719451904297
0.1935114860534668
0.19351530075073242
0.19445514678955078
0.19447875022888184
0.19447994232177734
0.1945021152496338
0.19550490379333496
0.19550681114196777
0.1964714527130127
0.19847798347473145
0.19849109649658203
0.19849371910095215
0.2014906406402588
0.20348525047302246
0.20647192001342773
0.20742201805114746
0.2074439525604248
0.20744752883911133
0.20846819877624512
0.2094414234161377
0.20946907997131348
0.20946931838989258
0.2104649543762207
0.21143364906311035
0.2134244441986084
0.21346235275268555
0.21844482421875
0.21944546699523926
0.2214038372039795
0.22542190551757812
0.22542428970336914
0.22640037536621094
0.22742128372192383
0.22742533683776855
0.22840404510498047
0.2323756217956543
0.23238396644592285
0.232407808303833
0.23439574241638184
0.23636531829833984
0.23739409446716309
0.23836064338684082
0.23836183547973633
0.2403573989868164
0.24038457870483398
0.24138092994689941
0.24238228797912598
0.2433786392211914
0.24437570571899414
0.24733805656433105
0.24836063385009766
0.24933862686157227
0.24935603141784668
0.24936199188232422
0.2513608932495117
0.25232481956481934
0.25235438346862793
0.25531697273254395
0.25631165504455566
0.2563166618347168
0.25634121894836426
0.25833868980407715
0.26133036613464355
0.26133036613464355
0.26133060455322266
0.26133060455322266
0.2622981071472168
0.26429295539855957
0.26432061195373535
0.2652912139892578
0.265291690826416
0.26531982421875
0.2662830352783203
0.2662925720214844
0.26631689071655273
0.2673070430755615
0.267317533493042
0.2673182487487793
0.2683119773864746
0.26925158500671387
0.26928043365478516
0.26930880546569824
0.26930928230285645
0.2712416648864746
0.27127909660339355
0.27130627632141113
0.27329325675964355
0.27329325675964355
0.2752962112426758
0.27626490592956543
0.27628397941589355
0.27628540992736816
0.2762918472290039
0.2802722454071045
0.28027772903442383
0.28027939796447754
0.28027987480163574
0.28125476837158203
0.28224778175354004
0.28324222564697266
0.2832663059234619
0.28326940536499023
0.2842693328857422
0.29224729537963867
0.2932147979736328
0.2932446002960205
0.29423999786376953
0.29523754119873047
0.2962062358856201
0.29621100425720215
0.2982020378112793
0.29919910430908203
0.2992289066314697
0.3002011775970459
0.3002150058746338
0.30219173431396484
0.30222010612487793
0.3031916618347168
0.30521059036254883
0.30521321296691895
0.3072056770324707
0.3072082996368408
0.3082096576690674
0.31418895721435547
0.3151590824127197
0.3151881694793701
0.31615591049194336
0.31618714332580566
0.3171803951263428
0.31914496421813965
0.3230769634246826
0.3231651782989502
0.324160099029541
0.32512378692626953
0.3261544704437256
0.326157808303833
0.3281514644622803
0.3321073055267334
0.3341066837310791
0.33507251739501953
0.3351328372955322
0.3371248245239258
0.34111452102661133
0.34211182594299316
0.3430819511413574
0.34308362007141113
0.34308385848999023
0.3441121578216553
0.3450484275817871
0.3470737934112549
0.3490927219390869
0.35006117820739746
0.3500633239746094
0.3510603904724121
0.35205817222595215
0.35505127906799316
0.35507965087890625
0.3550834655761719
0.35707640647888184
0.35906386375427246
0.36100292205810547
0.36102962493896484
0.36106443405151367
0.3620586395263672
0.3620634078979492
0.36302876472473145
0.36501169204711914
0.3650224208831787
0.3670179843902588
0.36904311180114746
0.3720386028289795
0.373002290725708
0.37499237060546875
0.3759937286376953
0.3779881000518799
0.3780219554901123
0.3790137767791748
0.3810269832611084
0.3820061683654785
0.38499999046325684
0.3879890441894531
0.3909318447113037
0.3929762840270996
0.3929784297943115
0.39397573471069336
0.3949759006500244
0.39694738388061523
0.3969597816467285
0.3989543914794922
0.4029514789581299
0.40395283699035645
0.40593791007995605
0.4059441089630127
0.4059476852416992
0.40691614151000977
0.4069199562072754
0.40694355964660645
0.40694403648376465
0.4079101085662842
0.4089353084564209
0.4089357852935791
0.40990376472473145
0.40990781784057617
0.4119253158569336
0.41289520263671875
0.41391515731811523
0.41489076614379883
0.4168853759765625
0.41887927055358887
0.4188816547393799
0.4189121723175049
0.4198482036590576
0.421903133392334
0.4228684902191162
0.4228975772857666
0.4228982925415039
0.427854061126709
0.4278848171234131
0.42987751960754395
0.42987918853759766
0.42988157272338867
0.4318408966064453
0.43287158012390137
0.4358642101287842
0.435866117477417
0.43982577323913574
0.4398527145385742
0.440826416015625
0.4408540725708008
0.4428110122680664
0.44281578063964844
0.4448089599609375
0.4448423385620117
0.44583654403686523
0.44879865646362305
0.4497959613800049
0.45077013969421387
0.45181894302368164
0.45182275772094727
0.45278358459472656
0.45677781105041504
0.45780372619628906
0.45874452590942383
0.45877981185913086
0.4588000774383545
0.4588019847869873
0.45979738235473633
0.4617922306060791
0.4637894630432129
0.4637939929962158
0.4647865295410156
0.46874022483825684
0.4697701930999756
0.4717435836791992
0.4717676639556885
0.4717676639556885
0.4727351665496826
0.47373247146606445
0.4767317771911621
0.47675418853759766
0.47974395751953125
0.4837055206298828
0.48470640182495117
0.48572349548339844
0.48769640922546387
0.48772311210632324
0.4886922836303711
0.48871731758117676
0.4916718006134033
0.4916846752166748
0.4927098751068115
0.49468064308166504
0.4967048168182373
0.49767231941223145
0.4976983070373535
0.49869489669799805
0.49869561195373535
0.4996929168701172
0.5016729831695557
0.5036826133728027
0.504645824432373
0.5066416263580322
0.5076737403869629
0.5086395740509033
0.5086617469787598
0.5086665153503418
0.508669376373291
0.5096662044525146
0.509666919708252
0.5106632709503174
0.5115981101989746
0.5136585235595703
0.5146377086639404
0.5146529674530029
0.5146539211273193
0.5166480541229248
0.5176103115081787
0.5176427364349365
0.519639253616333
0.5196399688720703
0.520636796951294
0.5216348171234131
0.52359938621521
0.5236208438873291
0.5246257781982422
0.5256228446960449
0.5265922546386719
0.5266199111938477
0.5275883674621582
0.5275907516479492
0.5275912284851074
0.5305814743041992
0.5315830707550049
0.531606912612915
0.5325746536254883
0.5335693359375
0.5336055755615234
0.5336058139801025
0.536597490310669
0.5395846366882324
0.540583610534668
0.5415763854980469
0.5415804386138916
0.5445408821105957
0.5455374717712402
0.5485663414001465
0.5515210628509521
0.5515239238739014
0.5545175075531006
0.5545468330383301
0.5555133819580078
0.5555152893066406
0.5595369338989258
0.5615015029907227
0.5634927749633789
0.5634932518005371
0.5634932518005371
0.5635173320770264
0.5645251274108887
0.5654809474945068
0.5664753913879395
0.5665178298950195
0.5694763660430908
0.5724987983703613
0.5734951496124268
0.573495626449585
0.5735001564025879
0.574469804763794
0.5744919776916504
0.5754294395446777
0.5754885673522949
0.575488805770874
0.5764870643615723
0.5774545669555664
0.577481746673584
0.5784568786621094
0.5784745216369629
0.5784802436828613
0.5784850120544434
0.5834333896636963
0.5834393501281738
0.5834665298461914
0.5854628086090088
0.5894570350646973
0.5914452075958252
0.5954151153564453
0.5974297523498535
0.5994060039520264
0.5994281768798828
0.6003942489624023
0.6004307270050049
0.6024174690246582
0.6044127941131592
0.6053800582885742
0.6054031848907471
0.6054096221923828
0.6063988208770752
0.6093626022338867
0.6093695163726807
0.6093785762786865
0.6093976497650146
0.6103966236114502
0.6113691329956055
0.6123936176300049
0.6143839359283447
0.6153848171234131
0.618344783782959
0.6193418502807617
0.6203503608703613
0.6223642826080322
0.622368335723877
0.6273512840270996
0.6293210983276367
0.6293435096740723
0.6313064098358154
0.6313080787658691
0.6313390731811523
0.6322808265686035
0.6323089599609375
0.633307695388794
0.6343026161193848
0.6353292465209961
0.6363062858581543
0.636326789855957
0.637317419052124
0.6373212337493896
0.6382920742034912
0.6393182277679443
0.6403195858001709
0.6422803401947021
0.6433043479919434
0.644305944442749
0.6472651958465576
0.6482372283935547
0.6482644081115723
0.6482958793640137
0.6502904891967773
0.652254581451416
0.6522853374481201
0.6572747230529785
0.6582362651824951
0.6582672595977783
0.6602284908294678
0.6602649688720703
0.6612639427185059
0.6622531414031982
0.6622574329376221
0.6622581481933594
0.663222074508667
0.6632301807403564
0.663254976272583
0.6642282009124756
0.6652476787567139
0.668238639831543
0.6712038516998291
0.6722314357757568
0.6771881580352783
0.6772186756134033
0.6772201061248779
0.679182767868042
0.681175708770752
0.6841919422149658
0.6841976642608643
0.6841990947723389
0.6851673126220703
0.6861991882324219
0.6871616840362549
0.6911525726318359
0.6911790370941162
0.6931402683258057
0.6931755542755127
0.6941726207733154
0.6951413154602051
0.6961419582366943
0.6981306076049805
0.6981313228607178
0.6991269588470459
0.7001566886901855
0.7041170597076416
0.7041430473327637
0.7090950012207031
0.7091305255889893
0.710129976272583
0.7110934257507324
0.7121248245239258
0.7121255397796631
0.7131211757659912
0.7131221294403076
0.7140891551971436
0.7141013145446777
0.7150869369506836
0.7161135673522949
0.7190759181976318
0.7190759181976318
0.7211036682128906
0.7230381965637207
0.7230672836303711
0.723090410232544
0.723095178604126
0.7240934371948242
0.72505784034729
0.7250926494598389
0.7260253429412842
0.7260801792144775
0.7270865440368652
0.7280817031860352
0.7290492057800293
0.7290549278259277
0.7290773391723633
0.7320375442504883
0.7330679893493652
0.7370555400848389
0.7380499839782715
0.7400209903717041
0.7400493621826172
0.7400493621826172
0.7400496006011963
0.7430422306060791
0.7440087795257568
0.745013952255249
0.7450330257415771
0.7469992637634277
0.7479934692382812
0.748023509979248
0.7520182132720947
0.752981424331665
0.7539820671081543
0.7549803256988525
0.755009651184082
0.756005048751831
0.7589702606201172
0.7589967250823975
0.7589986324310303
0.7629880905151367
0.7649827003479004
0.7659757137298584
0.7669503688812256
0.7679383754730225
0.7679452896118164
0.7679474353790283
0.767974853515625
0.7689435482025146
0.7689721584320068
0.7689743041992188
0.7699670791625977
0.771958589553833
0.7719674110412598
0.7729363441467285
0.77492356300354
0.7759237289428711
0.7759473323822021
0.7759537696838379
0.7759571075439453
0.7769217491149902
0.7779240608215332
0.7789180278778076
0.7789227962493896
0.7808821201324463
0.780935525894165
0.7809407711029053
0.7819070816040039
0.7819399833679199
0.7829298973083496
0.7839295864105225
0.7839310169219971
0.7839319705963135
0.7869246006011963
0.7869279384613037
0.7878637313842773
0.7879238128662109
0.7888875007629395
0.7889144420623779
0.7889184951782227
0.7909140586853027
0.7909178733825684
0.7948968410491943
0.7988619804382324
0.7998895645141602
0.8008596897125244
0.800861120223999
0.8028542995452881
0.8028843402862549
0.8038499355316162
0.8048512935638428
0.80586838722229
0.8078384399414062
0.807868242263794
0.807868480682373
0.807870626449585
0.8088605403900146
0.8098623752593994
0.8118271827697754
0.8118529319763184
0.8128552436828613
0.8128585815429688
0.8138246536254883
0.813852071762085
0.8148491382598877
0.8178093433380127
0.8198363780975342
0.8208374977111816
0.8218002319335938
0.8248264789581299
0.8258254528045654
0.826789140701294
0.8287808895111084
0.8297796249389648
0.8317804336547852
0.832801342010498
0.8328032493591309
0.8337914943695068
0.8347394466400146
0.8347663879394531
0.83479905128479
0.8357882499694824
0.8427426815032959
0.8427684307098389
0.8477585315704346
0.8487541675567627
0.8497564792633057
0.8497567176818848
0.851750373840332
0.851752758026123
0.8547093868255615
0.8557405471801758
0.8566768169403076
0.8567085266113281
0.8577084541320801
0.8587315082550049
0.8587377071380615
0.8596987724304199
0.8597307205200195
0.8607304096221924
0.8616952896118164
0.8626918792724609
0.8646795749664307
0.8657200336456299
0.8687009811401367
0.8726670742034912
0.8726894855499268
0.872692346572876
0.8726944923400879
0.8756821155548096
0.8776485919952393
0.8796708583831787
0.8806707859039307
0.8816325664520264
0.881641149520874
0.881641149520874
0.8826422691345215
0.8826675415039062
0.8836593627929688
0.8836650848388672
0.8866291046142578
0.8876180648803711
0.8876550197601318
0.8896210193634033
0.8896210193634033
0.8896462917327881
0.8896496295928955
0.8896498680114746
0.8906190395355225
0.8906393051147461
0.8956029415130615
0.8985929489135742
0.9005844593048096
0.9036068916320801
0.9046132564544678
0.9056265354156494
0.9085371494293213
0.9085683822631836
0.9085986614227295
0.909569263458252
0.9105618000030518
0.9105675220489502
0.9115605354309082
0.9125585556030273
0.9125924110412598
0.916569709777832
0.9165723323822021
0.9165773391723633
0.917543888092041
0.9185454845428467
0.9185729026794434
0.9195685386657715
0.9205319881439209
0.9205656051635742
0.9225327968597412
0.9225590229034424
0.9225654602050781
0.9235286712646484
0.9235315322875977
0.924523115158081
0.9275226593017578
0.9285473823547363
0.9295432567596436
0.9295468330383301
0.930509090423584
0.9305336475372314
0.9315347671508789
0.9335331916809082
0.9344949722290039
0.9394841194152832
0.9395110607147217
0.9414803981781006
0.942474365234375
0.9444739818572998
0.9454998970031738
0.9464664459228516
0.9464685916900635
0.9464948177337646
0.9474921226501465
0.9484636783599854
0.9484677314758301
0.948491096496582
0.9494895935058594
0.95345139503479
0.9534761905670166
0.9534783363342285
0.9534790515899658
0.9544715881347656
0.9554729461669922
0.9554731845855713
0.9574344158172607
0.9574379920959473
0.958463191986084
0.9604554176330566
0.963423490524292
0.9644222259521484
0.9644529819488525
0.9654476642608643
0.9674389362335205
0.9684100151062012
0.9684402942657471
0.9694156646728516
0.9704298973083496
0.9704329967498779
0.9714281558990479
0.9723889827728271
0.9724013805389404
0.9724273681640625
0.9724302291870117
0.9773812294006348
0.9773867130279541
0.977414608001709
0.9804041385650635
0.9804108142852783
0.9814059734344482
0.982405424118042
0.983396053314209
0.9843618869781494
0.9853885173797607
0.9853904247283936
0.9863617420196533
0.9863877296447754
0.9863908290863037
0.987384557723999
0.9893515110015869
0.9893529415130615
0.9893801212310791
0.9913721084594727
0.991379976272583
0.9923398494720459
0.9933431148529053
0.9943673610687256
0.9953336715698242
0.9983279705047607
0.9983532428741455
0.9983558654785156
1.0003554821014404
1.001349925994873
1.0013506412506104
1.0023198127746582
1.002347707748413
1.003338098526001
1.004343032836914
1.0063068866729736
1.0073068141937256
1.0073363780975342
1.0082974433898926
1.0083088874816895
1.009331464767456
1.0112972259521484
1.0122907161712646
1.0143136978149414
1.0212974548339844
1.021301507949829
1.0222649574279785
1.0222651958465576
1.0222947597503662
1.0242655277252197
1.0252563953399658
1.025256633758545
1.0252790451049805
1.0252835750579834
1.0262596607208252
1.0282809734344482
1.031240701675415
1.031263828277588
1.0352580547332764
1.0362565517425537
1.0372545719146729
1.0402486324310303
1.041238784790039
1.041240930557251
1.0422394275665283
1.042241096496582
1.0432384014129639
1.0442063808441162
1.044233798980713
1.047199010848999
1.0481977462768555
1.0492260456085205
1.0522100925445557
1.0522181987762451
1.0531823635101318
1.0542068481445312
1.0542070865631104
1.0561749935150146
1.0572004318237305
1.0581676959991455
1.0581755638122559
1.0591354370117188
1.0641484260559082
1.0651798248291016
1.0671448707580566
1.0671720504760742
1.0671744346618652
1.0681419372558594
1.0681445598602295
1.0691394805908203
1.069169044494629
1.0701277256011963
1.070136547088623
1.070141315460205
1.0721285343170166
1.0721650123596191
1.0781152248382568
1.092073917388916
