0.0
0.0
0.0009975433349609375
0.0019943714141845703
0.001994609832763672
0.0019948482513427734
0.0029914379119873047
0.0029914379119873047
0.0029926300048828125
0.002992868423461914
0.003989458084106445
0.003989696502685547
0.003989696502685547
0.0039899349212646484
0.004494905471801758
0.004985809326171875
0.00498652458190918
0.00498652458190918
0.004986763000488281
0.004986763000488281
0.004987478256225586
0.004987478256225586
0.0049877166748046875
0.005983591079711914
0.005983829498291016
0.005984306335449219
0.006980180740356445
0.006981372833251953
0.006981849670410156
0.006981849670410156
0.006981849670410156
0.006982088088989258
0.007979154586791992
0.007979631423950195
0.008975505828857422
0.008976459503173828
0.009973526000976562
0.009974241256713867
0.009974241256713867
0.010970592498779297
0.010970592498779297
0.010970592498779297
0.011967658996582031
0.011967897415161133
0.011968135833740234
0.01196908950805664
0.012965202331542969
0.012965679168701172
0.012965679168701172
0.012965917587280273
0.013962745666503906
0.013963699340820312
0.014959573745727539
0.01495981216430664
0.01495981216430664
0.014960050582885742
0.014960050582885742
0.014960050582885742
0.014960527420043945
0.015956401824951172
0.015956878662109375
0.015957355499267578
0.01595759391784668
0.015958547592163086
0.016463756561279297
0.01695418357849121
0.016954660415649414
0.016954898834228516
0.016955137252807617
0.01795196533203125
0.01795220375061035
0.017952442169189453
0.018948793411254883
0.018949270248413086
0.018949508666992188
0.019946813583374023
0.020943403244018555
0.020943641662597656
0.020943880081176758
0.02094411849975586
0.02094435691833496
0.02126765251159668
0.021941184997558594
0.021941184997558594
0.021941661834716797
0.022446870803833008
0.022938251495361328
0.02293848991394043
0.022938966751098633
0.022939443588256836
0.02393507957458496
0.023935556411743164
0.02393651008605957
0.02393651008605957
0.024931907653808594
0.024932861328125
0.0249330997467041
0.024933338165283203
0.02495598793029785
0.025929927825927734
0.025930404663085938
0.026438236236572266
0.02692723274230957
0.026927709579467773
0.026928186416625977
0.027896642684936523
0.02792525291442871
0.027925491333007812
0.027953147888183594
0.028922319412231445
0.02956247329711914
0.030072689056396484
0.03190922737121582
0.03291130065917969
0.03291177749633789
0.03291177749633789
0.03291201591491699
0.03390860557556152
0.03390932083129883
0.03490638732910156
0.03490638732910156
0.0359039306640625
0.0359039306640625
0.0359039306640625
0.0359041690826416
0.03690075874328613
0.037856340408325195
0.03789854049682617
0.03889584541320801
0.03889608383178711
0.03889632225036621
0.03889656066894531
0.03889656066894531
0.03939986228942871
0.039891958236694336
0.039893150329589844
0.03989386558532715
0.04039788246154785
0.04039812088012695
0.04089069366455078
0.04089069366455078
0.041887760162353516
0.04288506507873535
0.04288530349731445
0.043881893157958984
0.04388236999511719
0.04388308525085449
0.043883323669433594
0.04487967491149902
0.044879913330078125
0.04488015174865723
0.0452876091003418
0.04538607597351074
0.04587721824645996
0.04587721824645996
0.045877695083618164
0.0468745231628418
0.0468745231628418
0.04787039756774902
0.04787158966064453
0.04787182807922363
0.04787182807922363
0.04886913299560547
0.04886913299560547
0.04886937141418457
0.04886960983276367
0.0498659610748291
0.049866437911987305
0.04986691474914551
0.05037117004394531
0.05037236213684082
0.05186104774475098
0.05285763740539551
0.05285811424255371
0.052858591079711914
0.05285930633544922
0.05385541915893555
0.05385565757751465
0.05385565757751465
0.05435991287231445
0.054853200912475586
0.05485343933105469
0.05585074424743652
0.055850982666015625
0.05585122108459473
0.05635881423950195
0.05684781074523926
0.05684804916381836
0.05684804916381836
0.056848764419555664
0.05784487724304199
0.05784487724304199
0.057845115661621094
0.057845354080200195
0.058350324630737305
0.05884194374084473
0.05884218215942383
0.05884265899658203
0.05884265899658203
0.059374332427978516
0.05983924865722656
0.059839725494384766
0.05983996391296387
0.05983996391296387
0.05983996391296387
0.05984020233154297
0.05984020233154297
0.0608370304107666
0.0608372688293457
0.060837745666503906
0.06183338165283203
0.06183433532714844
0.06183457374572754
0.06183505058288574
0.06233930587768555
0.06283164024353027
0.0638284683227539
0.0638284683227539
0.06382894515991211
0.06382918357849121
0.06382942199707031
0.06382942199707031
0.06482648849487305
0.06482672691345215
0.06482672691345215
0.06533288955688477
0.06582403182983398
0.06582403182983398
0.06632804870605469
0.06632828712463379
0.06632876396179199
0.0668172836303711
0.06682062149047852
0.06682085990905762
0.06682133674621582
0.06781888008117676
0.06781935691833496
0.06881546974182129
0.06881594657897949
0.0688166618347168
0.06981301307678223
0.06981325149536133
0.07081055641174316
0.07081079483032227
0.0718071460723877
0.071807861328125
0.071807861328125
0.0718080997467041
0.07280468940734863
0.07280516624450684
0.07280540466308594
0.07280540466308594
0.07280564308166504
0.07297420501708984
0.07380270957946777
0.07380294799804688
0.07479977607727051
0.07530379295349121
0.07530450820922852
0.07579636573791504
0.07579731941223145
0.07679367065429688
0.07679438591003418
0.07679462432861328
0.07779121398925781
0.07779121398925781
0.07779145240783691
0.07779169082641602
0.07779169082641602
0.07779192924499512
0.07779216766357422
0.07878899574279785
0.07878899574279785
0.07878923416137695
0.07878947257995605
0.07978653907775879
0.0802910327911377
0.08029341697692871
0.08029341697692871
0.08078384399414062
0.08078432083129883
0.08128237724304199
0.08178162574768066
0.0827782154083252
0.08377575874328613
0.08377575874328613
0.08428215980529785
0.0857706069946289
0.08577084541320801
0.08676767349243164
0.08776497840881348
0.08776521682739258
0.08826947212219238
0.08876252174377441
0.08876276016235352
0.08876276016235352
0.08926701545715332
0.08926820755004883
0.08975958824157715
0.08975958824157715
0.08975982666015625
0.09075689315795898
0.09075736999511719
0.09175419807434082
0.09175443649291992
0.09175443649291992
0.09175443649291992
0.09275174140930176
0.09275174140930176
0.09275174140930176
0.09325671195983887
0.09374856948852539
0.0942533016204834
0.09474444389343262
0.09474587440490723
0.09474587440490723
0.09474635124206543
0.09474658966064453
0.09516477584838867
0.09574317932128906
0.09574317932128906
0.09574365615844727
0.09574365615844727
0.09574365615844727
0.09574651718139648
0.09624981880187988
0.0967409610748291
0.0967409610748291
0.0967411994934082
0.0967411994934082
0.09773874282836914
0.09824442863464355
0.09873533248901367
0.09873580932617188
0.09873604774475098
0.09873604774475098
0.09924077987670898
0.0992422103881836
0.09973287582397461
0.10223221778869629
0.10272479057312012
0.10272502899169922
0.10272526741027832
0.10272526741027832
0.10272574424743652
0.10372209548950195
0.10372233390808105
0.10372281074523926
0.10423111915588379
0.10471892356872559
0.10471916198730469
0.10471940040588379
0.10472321510314941
0.105224609375
0.10571694374084473
0.10571694374084473
0.10571718215942383
0.10571718215942383
0.10571742057800293
0.10622191429138184
0.10622358322143555
0.10671377182006836
0.10721874237060547
0.1077122688293457
0.10870885848999023
0.10870909690856934
0.10870933532714844
0.10870933532714844
0.10870933532714844
0.10921406745910645
0.10970592498779297
0.10970664024353027
0.11070394515991211
0.11070394515991211
0.11167216300964355
0.11170077323913574
0.11170101165771484
0.11170172691345215
0.11269831657409668
0.11269831657409668
0.11269831657409668
0.11269855499267578
0.11269879341125488
0.11369562149047852
0.11369609832763672
0.11420035362243652
0.11469054222106934
0.11469173431396484
0.11469268798828125
0.11469292640686035
0.11469292640686035
0.11469292640686035
0.11469388008117676
0.1161963939666748
0.11619877815246582
0.11668777465820312
0.11668801307678223
0.11719298362731934
0.11768436431884766
0.11818957328796387
0.11819028854370117
0.1186821460723877
0.1186826229095459
0.118682861328125
0.1191868782043457
0.11967968940734863
0.11984515190124512
0.12018418312072754
0.12018418312072754
0.12067699432373047
0.12067699432373047
0.1216745376586914
0.1216745376586914
0.12167787551879883
0.12217903137207031
0.12229442596435547
0.12267184257507324
0.12267184257507324
0.12267208099365234
0.12273383140563965
0.12367057800292969
0.12417435646057129
0.12517189979553223
0.12517380714416504
0.12566351890563965
0.12566375732421875
0.12617087364196777
0.12666058540344238
0.1266613006591797
0.1266613006591797
0.1266615390777588
0.12765765190124512
0.12765836715698242
0.12865567207336426
0.12865567207336426
0.12916040420532227
0.1296532154083252
0.1296532154083252
0.1296558380126953
0.1301579475402832
0.13064932823181152
0.13064980506896973
0.13065028190612793
0.13065075874328613
0.1310584545135498
0.13115501403808594
0.13164734840393066
0.13164758682250977
0.13215351104736328
0.1326451301574707
0.1326456069946289
0.13364148139953613
0.13364195823669434
0.13364243507385254
0.13364338874816895
0.13414740562438965
0.13463902473449707
0.13463973999023438
0.13463973999023438
0.13463973999023438
0.13465142250061035
0.1356368064880371
0.1356370449066162
0.13614130020141602
0.13663411140441895
0.13713932037353516
0.13763165473937988
0.1381368637084961
0.13862872123718262
0.13862919807434082
0.13862919807434082
0.13862943649291992
0.13862943649291992
0.13864588737487793
0.13962650299072266
0.13962674140930176
0.1406233310699463
0.1406233310699463
0.1406240463256836
0.1406254768371582
0.1411283016204834
0.14162111282348633
0.14235782623291016
0.14261794090270996
0.14261817932128906
0.14261817932128906
0.14261841773986816
0.14261865615844727
0.1436154842376709
0.14461278915405273
0.14461326599121094
0.14511823654174805
0.14611434936523438
0.14611530303955078
0.1465449333190918
0.1466076374053955
0.1466078758239746
0.1466081142425537
0.14760470390319824
0.14760541915893555
0.14760565757751465
0.14860248565673828
0.14860272407531738
0.1491081714630127
0.14959955215454102
0.14959979057312012
0.14959979057312012
0.14959979057312012
0.1496109962463379
0.15059709548950195
0.15113139152526855
0.15159368515014648
0.15259146690368652
0.15259146690368652
0.15309762954711914
0.15358877182006836
0.15358877182006836
0.15358877182006836
0.15358901023864746
0.15358901023864746
0.15409350395202637
0.15409421920776367
0.15409421920776367
0.1545860767364502
0.15558362007141113
0.15558385848999023
0.15658068656921387
0.15658116340637207
0.15659284591674805
0.15659546852111816
0.15857553482055664
0.15857601165771484
0.15860438346862793
0.15908026695251465
0.15910077095031738
0.15958452224731445
0.16007709503173828
0.16007757186889648
0.1605696678161621
0.16107416152954102
0.16156744956970215
0.16156768798828125
0.16156768798828125
0.16156768798828125
0.16157984733581543
0.16256451606750488
0.16256475448608398
0.16256499290466309
0.1625831127166748
0.16356301307678223
0.16357636451721191
0.16357684135437012
0.16357731819152832
0.16406607627868652
0.16406750679016113
0.16455984115600586
0.16456007957458496
0.16456031799316406
0.16500091552734375
0.16506385803222656
0.16506457328796387
0.1655571460723877
0.1660618782043457
0.16655468940734863
0.16655468940734863
0.16755199432373047
0.16755199432373047
0.1675548553466797
0.16805601119995117
0.1685492992401123
0.16954565048217773
0.16954612731933594
0.17054319381713867
0.1715404987335205
0.1715409755706787
0.1715548038482666
0.17253828048706055
0.1740427017211914
0.17453241348266602
0.17453312873840332
0.17453312873840332
0.1745448112487793
0.17528080940246582
0.17553019523620605
0.17553043365478516
0.17553043365478516
0.17603421211242676
0.17603445053100586
0.1765270233154297
0.1765270233154297
0.1765275001525879
0.176527738571167
0.176527738571167
0.176527738571167
0.1770331859588623
0.1775369644165039
0.17852115631103516
0.1795194149017334
0.1795198917388916
0.1795201301574707
0.1800239086151123
0.1800246238708496
0.18002700805664062
0.18051648139953613
0.18051719665527344
0.1809535026550293
0.18102145195007324
0.18102169036865234
0.18151378631591797
0.18151402473449707
0.18151450157165527
0.18201804161071777
0.182511568069458
0.182511568069458
0.182511568069458
0.182511568069458
0.182511568069458
0.1833488941192627
0.18350887298583984
0.18350887298583984
0.18350887298583984
0.18350887298583984
0.18350911140441895
0.18350934982299805
0.18401741981506348
0.18450593948364258
0.18450641632080078
0.18450665473937988
0.18540644645690918
0.18550348281860352
0.18550467491149902
0.18600773811340332
0.18600797653198242
0.18650126457214355
0.18700528144836426
0.18700599670410156
0.1880028247833252
0.18849492073059082
0.18849515914916992
0.18849563598632812
0.18849563598632812
0.18849563598632812
0.18899965286254883
0.18900012969970703
0.1904900074005127
0.19099831581115723
0.19148755073547363
0.19199252128601074
0.19199347496032715
0.19201183319091797
0.19248485565185547
0.19323158264160156
0.19348359107971191
0.19447994232177734
0.19498538970947266
0.19547700881958008
0.19547700881958008
0.19547724723815918
0.1964738368988037
0.19647431373596191
0.19647431373596191
0.19697880744934082
0.19747138023376465
0.19747161865234375
0.19848155975341797
0.19848418235778809
0.19897246360778809
0.20046353340148926
0.2014603614807129
0.2014608383178711
0.2014610767364502
0.2014610767364502
0.20245742797851562
0.20245790481567383
0.20245862007141113
0.20247220993041992
0.20296478271484375
0.2029867172241211
0.20345520973205566
0.20345592498779297
0.20346617698669434
0.20346736907958984
0.20346760749816895
0.20396041870117188
0.20446538925170898
0.2044684886932373
0.20545005798339844
0.20545029640197754
0.20545053482055664
0.20569252967834473
0.20595574378967285
0.20644760131835938
0.20644760131835938
0.2074449062347412
0.20745635032653809
0.20794963836669922
0.20795059204101562
0.20844197273254395
0.20844221115112305
0.20844221115112305
0.20844244956970215
0.20845675468444824
0.20943975448608398
0.20943975448608398
0.20945143699645996
0.21001195907592773
0.21043705940246582
0.21094107627868652
0.21143364906311035
0.21143412590026855
0.21143412590026855
0.2119152545928955
0.21193838119506836
0.2124309539794922
0.2124309539794922
0.2124311923980713
0.2124316692352295
0.2124319076538086
0.21342897415161133
0.21342897415161133
0.21342897415161133
0.21342897415161133
0.21342897415161133
0.21442604064941406
0.21442675590515137
0.21443772315979004
0.21443796157836914
0.21511387825012207
0.2154238224029541
0.2154240608215332
0.21543598175048828
0.2154397964477539
0.21594524383544922
0.21642041206359863
0.21642065048217773
0.21642065048217773
0.21642088890075684
0.21643304824829102
0.21650457382202148
0.21692562103271484
0.21731877326965332
0.21742963790893555
0.21743249893188477
0.2184154987335205
0.2184157371520996
0.21892070770263672
0.21902060508728027
0.21991705894470215
0.21991729736328125
0.22000670433044434
0.22041010856628418
0.22041058540344238
0.22041058540344238
0.22091436386108398
0.22140765190124512
0.22240495681762695
0.22240519523620605
0.2234025001525879
0.22341465950012207
0.2239077091217041
0.22439837455749512
0.22439932823181152
0.22490382194519043
0.22539663314819336
0.22539663314819336
0.22539687156677246
0.22539687156677246
0.22539710998535156
0.22540855407714844
0.22590327262878418
0.2263941764831543
0.2263944149017334
0.22739148139953613
0.22739148139953613
0.22739148139953613
0.22740387916564941
0.22740411758422852
0.22740697860717773
0.22789621353149414
0.22838854789733887
0.22840118408203125
0.22895169258117676
0.2293863296508789
0.2293989658355713
0.23038339614868164
0.23038363456726074
0.23039603233337402
0.23088812828063965
0.23089003562927246
0.23134994506835938
0.23137950897216797
0.23138070106506348
0.23138093948364258
0.23138093948364258
0.23138117790222168
0.23188519477844238
0.23237824440002441
0.23237824440002441
0.2323904037475586
0.23288369178771973
0.23333168029785156
0.23338699340820312
0.23385405540466309
0.23387980461120605
0.23437285423278809
0.23537015914916992
0.23537015914916992
0.235382080078125
0.2353830337524414
0.23587512969970703
0.23633575439453125
0.23636770248413086
0.23638176918029785
0.2373640537261963
0.2373642921447754
0.2373645305633545
0.2373647689819336
0.2373647689819336
0.2373650074005127
0.23790574073791504
0.23836159706115723
0.23917794227600098
0.23935985565185547
0.23935985565185547
0.23986411094665527
0.2403569221496582
0.2403569221496582
0.2403571605682373
0.2403571605682373
0.2408738136291504
0.24135422706604004
0.2413651943206787
0.24285578727722168
0.24285578727722168
0.2433488368988037
0.24334979057312012
0.24434661865234375
0.24534344673156738
0.24534344673156738
0.2453444004058838
0.2458479404449463
0.24634075164794922
0.24684643745422363
0.24684906005859375
0.24685883522033691
0.2469336986541748
0.24733829498291016
0.24735116958618164
0.24785518646240234
0.2483348846435547
0.2483351230621338
0.2483351230621338
0.248335599899292
0.2483358383178711
0.248337984085083
0.2483510971069336
0.24844932556152344
0.24933266639709473
0.24933290481567383
0.25033020973205566
0.25083494186401367
0.2513279914855957
0.2513391971588135
0.2518320083618164
0.25232434272766113
0.25232458114624023
0.25232458114624023
0.25282907485961914
0.25282979011535645
0.2533223628997803
0.25333595275878906
0.2538270950317383
0.254319429397583
0.2543196678161621
0.25485801696777344
0.25531625747680664
0.25531649589538574
0.2563135623931885
0.2563138008117676
0.2563140392303467
0.2563140392303467
0.2563142776489258
0.2563145160675049
0.2563145160675049
0.2563145160675049
0.256314754486084
0.256819486618042
0.2573111057281494
0.2573113441467285
0.2578160762786865
0.25783634185791016
0.25830817222595215
0.25830817222595215
0.25830841064453125
0.25830888748168945
0.2593064308166504
0.2593066692352295
0.2598099708557129
0.2598106861114502
0.2603034973144531
0.2603034973144531
0.26030445098876953
0.26080822944641113
0.26080942153930664
0.26130104064941406
0.26180529594421387
0.261807918548584
0.26181840896606445
0.2622976303100586
0.2622981071472168
0.2622981071472168
0.2622983455657959
0.26329541206359863
0.26380062103271484
0.26429247856140137
0.26429271697998047
0.26430368423461914
0.2647974491119385
0.2647976875305176
0.2652902603149414
0.2657942771911621
0.2657942771911621
0.26628780364990234
0.2672841548919678
0.267284631729126
0.26729822158813477
0.267514705657959
0.2682819366455078
0.2682962417602539
0.268798828125
0.26978397369384766
0.26978421211242676
0.2702765464782715
0.2702767848968506
0.2702767848968506
0.2702770233154297
0.27079224586486816
0.2712738513946533
0.2712748050689697
0.27227139472961426
0.27227163314819336
0.27259016036987305
0.27277588844299316
0.2727775573730469
0.2732701301574707
0.2732820510864258
0.2737743854522705
0.27426600456237793
0.27426600456237793
0.27526354789733887
0.27526354789733887
0.27526354789733887
0.27526354789733887
0.27527594566345215
0.2757682800292969
0.2762608528137207
0.2762737274169922
0.27725815773010254
0.27725815773010254
0.27725839614868164
0.27725839614868164
0.2782554626464844
0.2782557010650635
0.2792527675628662
0.2792527675628662
0.2792530059814453
0.28024864196777344
0.28025007247924805
0.28025007247924805
0.28025031089782715
0.2812469005584717
0.281247615814209
0.2822446823120117
0.2822451591491699
0.28324174880981445
0.28324246406555176
0.28325390815734863
0.28325533866882324
0.28374695777893066
0.2837493419647217
0.2840898036956787
0.2842392921447754
0.284745454788208
0.287247896194458
0.2877342700958252
0.28873348236083984
0.2892262935638428
0.2902216911315918
0.29172730445861816
0.29223132133483887
0.29421281814575195
0.2952091693878174
0.2954859733581543
0.29770970344543457
0.3036947250366211
0.31267261505126953
0.3156626224517822
0.3180723190307617
0.32712411880493164
0.33510351181030273
