0.0
0.0019948482513427734
0.0019948482513427734
0.00299072265625
0.003989219665527344
0.00498652458190918
0.005983829498291016
0.005984306335449219
0.005984306335449219
0.008975505828857422
0.008975744247436523
0.008976221084594727
0.009972810745239258
0.009973526000976562
0.011968612670898438
0.01296544075012207
0.014959335327148438
0.01495981216430664
0.014989852905273438
0.015956878662109375
0.016953706741333008
0.016954660415649414
0.01748347282409668
0.01795196533203125
0.017952680587768555
0.018958568572998047
0.02091217041015625
0.02094411849975586
0.02144908905029297
0.0219419002532959
0.023935556411743164
0.02490973472595215
0.02493429183959961
0.02935624122619629
0.03095698356628418
0.031914472579956055
0.03287672996520996
0.03291177749633789
0.03293442726135254
0.033910274505615234
0.03490567207336426
0.03490591049194336
0.03490591049194336
0.0359034538269043
0.0359039306640625
0.03789830207824707
0.037928104400634766
0.039893150329589844
0.03995919227600098
0.04188799858093262
0.042885541915893555
0.043881893157958984
0.043897390365600586
0.04487943649291992
0.04488062858581543
0.0468745231628418
0.04787087440490723
0.04787158966064453
0.04787492752075195
0.0498654842376709
0.05285906791687012
0.05385589599609375
0.05385589599609375
0.05884122848510742
0.05983996391296387
0.0608372688293457
0.06086325645446777
0.06134223937988281
0.06180262565612793
0.061834096908569336
0.06383061408996582
0.06482625007629395
0.06482648849487305
0.06482648849487305
0.06489062309265137
0.06533265113830566
0.06583237648010254
0.06585502624511719
0.06881570816040039
0.06978750228881836
0.0718080997467041
0.07280540466308594
0.07380247116088867
0.07679438591003418
0.07779169082641602
0.08078384399414062
0.08081626892089844
0.08178114891052246
0.08178114891052246
0.08480477333068848
0.08876204490661621
0.08972382545471191
0.09075641632080078
0.09075808525085449
0.09099841117858887
0.0937490463256836
0.09474587440490723
0.09474658966064453
0.09542226791381836
0.09773826599121094
0.0997319221496582
0.10207271575927734
0.10220766067504883
0.10223388671875
0.10322999954223633
0.10372233390808105
0.1040339469909668
0.10471963882446289
0.10622286796569824
0.10671401023864746
0.10671472549438477
0.10821938514709473
0.10867977142333984
0.10870862007141113
0.10873985290527344
0.1092367172241211
0.10970568656921387
0.11070442199707031
0.11170077323913574
0.11170077323913574
0.11420202255249023
0.11469292640686035
0.11469316482543945
0.11469435691833496
0.11620378494262695
0.11765050888061523
0.118682861328125
0.1191868782043457
0.11967921257019043
0.12067627906799316
0.12259531021118164
0.12366914749145508
0.12566375732421875
0.1266622543334961
0.12768912315368652
0.128678560256958
0.129716157913208
0.13164877891540527
0.13458943367004395
0.13563752174377441
0.13618254661560059
0.13862872123718262
0.14005684852600098
0.1406238079071045
0.14162087440490723
0.14162087440490723
0.14611482620239258
0.14618158340454102
0.14760446548461914
0.14960002899169922
0.151153564453125
0.15159392356872559
0.1515944004058838
0.1520981788635254
0.1545848846435547
0.15561199188232422
0.15612387657165527
0.15661215782165527
0.1575779914855957
0.15817928314208984
0.15957260131835938
0.16156792640686035
0.16159892082214355
0.16359376907348633
0.16655492782592773
0.16805648803710938
0.1685481071472168
0.17051219940185547
0.17226338386535645
0.17293858528137207
0.17353582382202148
0.17453336715698242
0.17554354667663574
0.17711544036865234
0.1815185546875
0.18248343467712402
0.18350863456726074
0.18600821495056152
0.18650007247924805
0.18849587440490723
0.18949270248413086
0.19148755073547363
0.19398784637451172
0.19447946548461914
0.19447970390319824
0.19647455215454102
0.19743990898132324
0.19747090339660645
0.19747233390808105
0.19846892356872559
0.1984694004058838
0.19950175285339355
0.20046401023864746
0.20046424865722656
0.20196771621704102
0.20299339294433594
0.20345568656921387
0.20366573333740234
0.2044527530670166
0.20595717430114746
0.20644593238830566
0.20644712448120117
0.20844221115112305
0.20844268798828125
0.20844435691833496
0.21046781539916992
0.21342897415161133
0.21741843223571777
0.21891999244689941
0.2190093994140625
0.21941304206848145
0.21944355964660645
0.21944618225097656
0.22140789031982422
0.22240471839904785
0.22263622283935547
0.22443222999572754
0.22534561157226562
0.22536659240722656
0.2253739833831787
0.22540974617004395
0.2258751392364502
0.2263944149017334
0.2282254695892334
0.2293550968170166
0.2293858528137207
0.23038339614868164
0.23126769065856934
0.23463892936706543
0.23477649688720703
0.2348766326904297
0.2373652458190918
0.23935890197753906
0.24135398864746094
0.24210119247436523
0.2422802448272705
0.24549055099487305
0.24733829498291016
0.24933290481567383
0.25032997131347656
0.25033044815063477
0.2518336772918701
0.25531649589538574
0.2563149929046631
0.2583353519439697
0.26030421257019043
0.2603421211242676
0.26180577278137207
0.26429271697998047
0.26429319381713867
0.2659146785736084
0.2672848701477051
0.2672886848449707
0.26927971839904785
0.2702763080596924
0.27133727073669434
0.2717316150665283
0.2723042964935303
0.2767658233642578
0.2772500514984131
0.2797577381134033
0.2822446823120117
0.28324174880981445
0.28324246406555176
0.2842545509338379
0.28822851181030273
0.2902231216430664
0.2902371883392334
0.29122161865234375
0.29421234130859375
0.29720449447631836
0.2987217903137207
0.29919862747192383
0.29919886589050293
0.30141735076904297
0.30269503593444824
0.30269718170166016
0.3031888008117676
0.30518388748168945
0.305828332901001
0.3100705146789551
0.31032466888427734
0.3131740093231201
0.31322741508483887
0.3171837329864502
0.31726717948913574
0.31769728660583496
0.3181490898132324
0.31839990615844727
0.31867480278015137
0.3201751708984375
0.3241310119628906
0.3261277675628662
0.3266336917877197
0.32713937759399414
0.3291630744934082
0.3296070098876953
0.33310866355895996
0.33321666717529297
0.33361339569091797
0.3341059684753418
0.3362915515899658
0.3366384506225586
0.34108805656433105
0.3425564765930176
0.34290599822998047
0.34607362747192383
0.34710693359375
0.3486049175262451
0.34906578063964844
0.34957194328308105
0.3500638008117676
0.3510420322418213
0.35402703285217285
0.35584092140197754
0.3560469150543213
0.3560473918914795
0.359039306640625
0.36104750633239746
0.3620321750640869
0.363055944442749
0.3635425567626953
0.36463141441345215
0.3650472164154053
0.3655426502227783
0.3665275573730469
0.3699491024017334
0.37100744247436523
0.37128758430480957
0.3715081214904785
0.37151169776916504
0.37151384353637695
0.37200474739074707
0.37200498580932617
0.3760263919830322
0.3775949478149414
0.3799285888671875
0.38100385665893555
0.3811657428741455
0.38294434547424316
0.3839731216430664
0.3864731788635254
0.3899869918823242
0.39095377922058105
0.39095401763916016
0.3911740779876709
0.3914806842803955
0.3919510841369629
0.391951322555542
0.39394545555114746
0.39394569396972656
0.39449477195739746
0.39893198013305664
0.40192461013793945
0.4029362201690674
0.40384387969970703
0.40395259857177734
0.40790867805480957
0.40894031524658203
0.40912342071533203
0.41149139404296875
0.41289544105529785
0.41387009620666504
0.4167914390563965
0.4169607162475586
0.4198768138885498
0.4216594696044922
0.4219353199005127
0.4223766326904297
0.42326974868774414
0.4258606433868408
0.4278569221496582
0.4303598403930664
0.4308469295501709
0.43343257904052734
0.43483638763427734
0.4362785816192627
0.4369325637817383
0.43733906745910645
0.438831090927124
0.4408419132232666
0.4412972927093506
0.44580793380737305
0.4468050003051758
0.44855165481567383
0.4497957229614258
0.45182061195373535
0.4527881145477295
0.4558084011077881
0.457775354385376
0.4583127498626709
0.4584982395172119
0.4587728977203369
0.4587860107421875
0.45976972579956055
0.460801362991333
0.4658470153808594
0.4662621021270752
0.4667551517486572
0.4673006534576416
0.46774840354919434
0.4687464237213135
0.4692540168762207
0.4693892002105713
0.46983861923217773
0.4726295471191406
0.47376441955566406
0.47552990913391113
0.47871851921081543
0.4827086925506592
0.4827094078063965
0.4847252368927002
0.4865872859954834
0.4866981506347656
0.4895164966583252
0.49570488929748535
0.4962584972381592
0.49684572219848633
0.49817633628845215
0.5003006458282471
0.5021615028381348
0.504650354385376
0.5047957897186279
0.5066447257995605
0.5076420307159424
0.5096678733825684
0.5096683502197266
0.5124704837799072
0.5134246349334717
0.517134428024292
0.5191841125488281
0.5201144218444824
0.520362138748169
0.5215795040130615
0.5226013660430908
0.5226020812988281
0.5251171588897705
0.5263864994049072
0.5266201496124268
0.5267372131347656
0.5276138782501221
0.5276234149932861
0.5286681652069092
0.5295546054840088
0.5308012962341309
0.5360770225524902
0.5365824699401855
0.5375773906707764
0.539064884185791
0.5405533313751221
0.5405924320220947
0.5407729148864746
0.5420548915863037
0.542548656463623
0.5428364276885986
0.5435450077056885
0.5435712337493896
0.5515265464782715
0.5540387630462646
0.5570178031921387
0.5575084686279297
0.5627727508544922
0.565485954284668
0.5684475898742676
0.5733513832092285
0.5744636058807373
0.5764577388763428
0.5774555206298828
0.5794296264648438
0.5809197425842285
0.5824415683746338
0.5824787616729736
0.5864434242248535
0.5889439582824707
0.5923488140106201
0.5929214954376221
0.5932142734527588
0.5944104194641113
0.598193883895874
0.6023881435394287
0.602421760559082
0.6090192794799805
0.6097862720489502
0.6103665828704834
0.6188504695892334
0.6188507080078125
0.6203083992004395
0.623396635055542
0.6253910064697266
0.627321720123291
0.6273219585418701
0.6273458003997803
0.6293325424194336
0.6298205852508545
0.632307767868042
0.6353003978729248
0.6362979412078857
0.637800931930542
0.6402876377105713
0.6417891979217529
0.6427860260009766
0.6427867412567139
0.6427867412567139
0.6448233127593994
0.6473221778869629
0.64823317527771
0.6482672691345215
0.6483378410339355
0.6488988399505615
0.6510200500488281
0.6513562202453613
0.6517624855041504
0.6522805690765381
0.6567161083221436
0.6582217216491699
0.6597113609313965
0.661247968673706
0.6633849143981934
0.6637325286865234
0.6647791862487793
0.6652200222015381
0.6683990955352783
0.6761908531188965
0.6767063140869141
0.6777060031890869
0.678185224533081
0.6791825294494629
0.6812677383422852
0.6831715106964111
0.6846294403076172
0.6871616840362549
0.6884386539459229
0.690152645111084
0.6906750202178955
0.6935527324676514
0.7006478309631348
0.7036254405975342
0.7040355205535889
0.7041163444519043
0.7051131725311279
0.7062668800354004
0.7064371109008789
0.707122802734375
0.7079908847808838
0.7091062068939209
0.7160842418670654
0.718632698059082
0.7212049961090088
0.723926305770874
0.7242226600646973
0.7245833873748779
0.7249245643615723
0.725658655166626
0.7288799285888672
0.7289912700653076
0.7330396175384521
0.737027645111084
0.7372431755065918
0.7405438423156738
0.7412691116333008
0.7440085411071777
0.7460558414459229
0.7470018863677979
0.7481303215026855
0.7487430572509766
0.7489967346191406
0.7497789859771729
0.7504968643188477
0.7510027885437012
0.7541203498840332
0.7549798488616943
0.7550082206726074
0.757479190826416
0.7660188674926758
0.7663712501525879
0.7679450511932373
0.7749283313751221
0.7752246856689453
0.7819888591766357
0.7826461791992188
0.7850801944732666
0.7860169410705566
0.7863867282867432
0.7920608520507812
0.7927067279815674
0.7940003871917725
0.7941138744354248
0.7943973541259766
0.7950806617736816
0.7966773509979248
0.8009324073791504
0.8018589019775391
0.8018701076507568
0.8030393123626709
0.8173203468322754
0.8231616020202637
0.8238294124603271
0.8248069286346436
0.8258106708526611
0.826164722442627
0.826331615447998
0.8267879486083984
0.828216552734375
0.8288102149963379
0.8309502601623535
0.832615852355957
0.8338003158569336
0.8372299671173096
0.840749979019165
0.8432540893554688
0.8452463150024414
0.8482365608215332
0.8482654094696045
0.8488092422485352
0.8497185707092285
0.8526344299316406
0.853809118270874
0.8557240962982178
0.8577182292938232
0.8597142696380615
0.8597311973571777
0.8626918792724609
0.8647201061248779
0.8657431602478027
0.8670699596405029
0.8691201210021973
0.8696386814117432
0.8701794147491455
0.8706886768341064
0.8759551048278809
0.8786492347717285
0.8811495304107666
0.8856990337371826
0.8891875743865967
0.8923013210296631
0.8941402435302734
0.8971047401428223
0.9023990631103516
0.9031076431274414
0.9041028022766113
0.9098317623138428
0.9218018054962158
0.9220564365386963
0.923530101776123
0.9245407581329346
0.9276678562164307
0.9302151203155518
0.9350526332855225
0.937999963760376
0.9409890174865723
0.9414808750152588
0.9438459873199463
0.9509670734405518
0.956500768661499
0.9574384689331055
0.9584641456604004
0.9609544277191162
0.963454008102417
0.9634716510772705
0.9699108600616455
0.9702513217926025
0.9711670875549316
0.9716737270355225
0.9727418422698975
0.9750871658325195
0.9752504825592041
0.9783825874328613
0.9801101684570312
0.9811787605285645
0.9833254814147949
0.9848737716674805
0.9848930835723877
0.9926385879516602
0.9993791580200195
1.0030264854431152
1.0053484439849854
1.005831241607666
1.006194829940796
1.0098085403442383
1.010587453842163
1.0148556232452393
1.015486240386963
1.0195627212524414
1.0201051235198975
1.02071213722229
1.0218408107757568
1.0219807624816895
1.0221056938171387
1.0227704048156738
1.0252985954284668
1.025775671005249
1.028726577758789
1.0300276279449463
1.0302598476409912
1.0311279296875
1.0342328548431396
1.0343828201293945
1.0367457866668701
1.0377490520477295
1.0402207374572754
1.0403361320495605
1.0406899452209473
1.0412309169769287
1.0445013046264648
1.0472362041473389
1.0484299659729004
1.0492286682128906
1.0542116165161133
1.0545563697814941
1.054591417312622
1.0572175979614258
1.0591318607330322
1.0596745014190674
1.0659186840057373
1.0770978927612305
1.0775036811828613
1.078864574432373
1.084740400314331
1.0875616073608398
1.0891838073730469
1.0901005268096924
1.091587781906128
1.0916049480438232
1.0936353206634521
1.0981502532958984
1.098949670791626
1.0995187759399414
1.1037614345550537
1.1105587482452393
1.1130220890045166
1.1164941787719727
1.1185312271118164
1.1217012405395508
1.1230137348175049
1.1240341663360596
1.1284856796264648
1.1324760913848877
1.1327669620513916
1.1337203979492188
1.1412692070007324
1.1441011428833008
1.1460702419281006
1.1526782512664795
1.1539158821105957
1.155344009399414
1.156907558441162
1.157299518585205
1.1622002124786377
1.1659786701202393
1.1676199436187744
1.1693785190582275
1.1771612167358398
1.1906275749206543
1.1918244361877441
1.208324909210205
1.2126169204711914
1.2133421897888184
1.2176640033721924
1.2197635173797607
1.2233655452728271
1.2265596389770508
1.2275824546813965
1.2308590412139893
1.235314130783081
1.2405202388763428
1.2423725128173828
1.245666742324829
1.2583591938018799
1.260366678237915
1.2606408596038818
1.270099401473999
1.2733080387115479
1.277247428894043
1.2919166088104248
1.29207444190979
1.2981898784637451
1.3011949062347412
1.3020243644714355
1.302053689956665
1.3065357208251953
1.321479082107544
1.3218071460723877
1.3255820274353027
1.3394114971160889
1.340428352355957
1.3489820957183838
1.3567328453063965
1.3714659214019775
1.3775317668914795
1.379016399383545
1.3808822631835938
1.38093900680542
1.397291660308838
1.4018540382385254
1.412656307220459
1.4144458770751953
1.414844036102295
1.4212069511413574
1.4269142150878906
1.4319095611572266
1.4323527812957764
1.4326739311218262
1.446854591369629
1.4496145248413086
1.4506700038909912
1.4597387313842773
1.462749719619751
1.464162826538086
1.4695897102355957
1.4815800189971924
1.4828050136566162
1.4860241413116455
1.4962341785430908
1.4980175495147705
1.4983024597167969
1.5019011497497559
1.5129880905151367
1.5144567489624023
1.5146205425262451
1.5179517269134521
1.5189168453216553
1.5189554691314697
1.5374705791473389
1.5429656505584717
1.5503284931182861
1.5678281784057617
1.5696783065795898
1.5744662284851074
1.5756430625915527
1.5787913799285889
1.5821030139923096
1.5928196907043457
1.617224931716919
1.6183974742889404
1.6376316547393799
1.6409902572631836
1.6436362266540527
1.6468932628631592
1.6498417854309082
1.662322998046875
1.6737539768218994
1.6740326881408691
1.6774671077728271
1.678406000137329
1.6838207244873047
1.6846318244934082
1.6886706352233887
1.690410852432251
1.6909370422363281
1.7028605937957764
1.7047865390777588
1.7091090679168701
1.711228609085083
1.716402292251587
1.7338480949401855
1.733886480331421
1.7372252941131592
1.7490062713623047
1.7527563571929932
1.7716925144195557
1.7852585315704346
1.7862062454223633
1.7917289733886719
1.8023879528045654
1.8040380477905273
1.8073654174804688
1.8258662223815918
1.8261168003082275
1.8276166915893555
1.8352458477020264
1.8411455154418945
1.8454859256744385
1.858107566833496
1.8630497455596924
1.8667640686035156
1.8678820133209229
1.8707680702209473
1.8857979774475098
1.8934822082519531
1.9044973850250244
1.9253740310668945
1.9318077564239502
1.9373517036437988
1.9388940334320068
1.9468259811401367
1.95088791847229
1.9527008533477783
1.9588584899902344
1.964547872543335
1.9714069366455078
1.990377426147461
2.016249895095825
2.038576602935791
2.0432348251342773
2.0437400341033936
2.051564931869507
2.08943510055542
2.0968174934387207
2.1101670265197754
2.1116693019866943
2.11822509765625
2.124650716781616
2.1263110637664795
2.1577606201171875
2.1768040657043457
2.1945769786834717
2.205130100250244
2.205239772796631
2.210129976272583
2.210806369781494
2.211090564727783
2.227278232574463
2.2340967655181885
2.2356228828430176
2.239741086959839
2.2616159915924072
2.280630588531494
2.2824912071228027
2.3080148696899414
2.308838367462158
2.315847873687744
2.3213186264038086
2.324800491333008
2.3355495929718018
2.3468456268310547
2.3487493991851807
2.3696134090423584
2.3696775436401367
2.374262809753418
2.3806889057159424
2.3821771144866943
2.406068801879883
2.4329721927642822
2.4366025924682617
2.4415602684020996
2.442335367202759
2.4450862407684326
2.4494082927703857
2.4535109996795654
2.4617905616760254
2.474548101425171
2.4867360591888428
2.4891860485076904
2.4913551807403564
2.494352340698242
2.498497486114502
2.505890369415283
2.508819103240967
2.5192368030548096
2.57379150390625
2.577131748199463
2.5829529762268066
2.5879757404327393
2.5922434329986572
2.592588424682617
2.619431734085083
2.6304140090942383
2.6325736045837402
2.6343281269073486
2.664729118347168
2.6693432331085205
2.687936544418335
2.6931395530700684
2.7322237491607666
2.7486774921417236
2.835155725479126
2.8599259853363037
2.861842632293701
2.9010393619537354
2.9472084045410156
2.9621405601501465
3.026883363723755
3.028721332550049
3.052920341491699
3.0634312629699707
3.0920732021331787
3.1110546588897705
3.16005277633667
3.202047824859619
3.240941047668457
3.248640298843384
3.3821334838867188
3.422712802886963
3.4249229431152344
3.4277143478393555
3.439971685409546
3.486475944519043
3.707270383834839
3.7783102989196777
3.781632423400879
3.830349922180176
4.016623020172119
4.030079364776611
4.115768671035767
4.144904613494873
4.429995536804199
6.402374982833862
6.671684741973877
6.709671258926392
6.995520353317261
