0.0005562305450439453
0.003534555435180664
0.004036664962768555
0.004797220230102539
0.004876852035522461
0.0052165985107421875
0.005635261535644531
0.006770610809326172
0.007472038269042969
0.008322715759277344
0.008345365524291992
0.008512735366821289
0.00860595703125
0.011498689651489258
0.011713981628417969
0.011931896209716797
0.013257265090942383
0.013651609420776367
0.0145111083984375
0.015294313430786133
0.015512943267822266
0.01614975929260254
0.01732659339904785
0.01902031898498535
0.019633054733276367
0.019644498825073242
0.021762847900390625
0.02239370346069336
0.02243804931640625
0.02286672592163086
0.025829315185546875
0.026612520217895508
0.027243375778198242
0.02796792984008789
0.030035734176635742
0.0308840274810791
0.031389474868774414
0.03300809860229492
0.033240556716918945
0.03532814979553223
0.03825950622558594
0.04010939598083496
0.040111541748046875
0.04015350341796875
0.04109001159667969
0.041970014572143555
0.04408979415893555
0.045828819274902344
0.04588031768798828
0.04640650749206543
0.04679560661315918
0.04830789566040039
0.048831939697265625
0.04970741271972656
0.04975318908691406
0.05072021484375
0.050926923751831055
0.05129218101501465
0.051300764083862305
0.05211639404296875
0.05215120315551758
0.05290102958679199
0.05455589294433594
0.0546877384185791
0.05764436721801758
0.05778098106384277
0.059058427810668945
0.05973005294799805
0.05984091758728027
0.06107187271118164
0.061486244201660156
0.06177973747253418
0.062392473220825195
0.06270670890808105
0.06320810317993164
0.06400728225708008
0.06559252738952637
0.06610393524169922
0.06622552871704102
0.06658673286437988
0.06698846817016602
0.06740999221801758
0.06869792938232422
0.06877326965332031
0.06952905654907227
0.06993603706359863
0.07057833671569824
0.07139039039611816
0.07306742668151855
0.07321286201477051
0.07333064079284668
0.07411026954650879
0.07484889030456543
0.07542562484741211
0.0760645866394043
0.0771327018737793
0.07799530029296875
0.08011317253112793
0.08122491836547852
0.08126974105834961
0.0817112922668457
0.08277368545532227
0.08504128456115723
0.08529376983642578
0.0859982967376709
0.08607792854309082
0.08627843856811523
0.08682012557983398
0.08819246292114258
0.08838295936584473
0.08930730819702148
0.09133386611938477
0.09139180183410645
0.09216189384460449
0.09495234489440918
0.09558296203613281
0.09565186500549316
0.09577226638793945
0.09618926048278809
0.1003262996673584
0.10143089294433594
0.1020967960357666
0.1026611328125
0.10302448272705078
0.10342907905578613
0.10386443138122559
0.10457968711853027
0.10604095458984375
0.10787534713745117
0.10824465751647949
0.11080741882324219
0.11091423034667969
0.11109137535095215
0.1116797924041748
0.1123347282409668
0.11246824264526367
0.11271095275878906
0.11273908615112305
0.11315608024597168
0.11423778533935547
0.11425137519836426
0.11561465263366699
0.11597037315368652
0.11619305610656738
0.11667680740356445
0.11722874641418457
0.11853504180908203
0.11894035339355469
0.11909675598144531
0.12037110328674316
0.12229228019714355
0.12291264533996582
0.12410449981689453
0.12488627433776855
0.12665486335754395
0.1273820400238037
0.12802863121032715
0.12862515449523926
0.12888026237487793
0.13054275512695312
0.13110566139221191
0.1324162483215332
0.13418817520141602
0.13437271118164062
0.13531184196472168
0.13546013832092285
0.13582968711853027
0.13762664794921875
0.1378645896911621
0.1379261016845703
0.13823580741882324
0.13911938667297363
0.14216899871826172
0.14293336868286133
0.14347124099731445
0.14353227615356445
0.1437375545501709
0.14379286766052246
0.1440269947052002
0.14525651931762695
0.14600658416748047
0.14671921730041504
0.14859724044799805
0.150115966796875
0.1508800983428955
0.1512751579284668
0.15239572525024414
0.15282726287841797
0.15332698822021484
0.15406084060668945
0.15495634078979492
0.1552736759185791
0.1582028865814209
0.15915942192077637
0.1592562198638916
0.15984511375427246
0.15998172760009766
0.16013717651367188
0.16044855117797852
0.16055512428283691
0.1611790657043457
0.16175150871276855
0.16188716888427734
0.16465258598327637
0.16612911224365234
0.16767215728759766
0.16811275482177734
0.1683363914489746
0.16873407363891602
0.16884517669677734
0.16970086097717285
0.17248868942260742
0.17276787757873535
0.1732795238494873
0.17369437217712402
0.17465686798095703
0.17580842971801758
0.1780087947845459
0.17812609672546387
0.17827153205871582
0.17835497856140137
0.17876482009887695
0.18035507202148438
0.18042469024658203
0.18139052391052246
0.1817936897277832
0.1819760799407959
0.1842041015625
0.18434429168701172
0.18491339683532715
0.18730854988098145
0.18774151802062988
0.1880946159362793
0.18857908248901367
0.1889641284942627
0.18948030471801758
0.19142794609069824
0.19257569313049316
0.19285821914672852
0.19294238090515137
0.1940755844116211
0.1963953971862793
0.1968231201171875
0.19883441925048828
0.20067906379699707
0.2008495330810547
0.20293903350830078
0.20391607284545898
0.2050008773803711
0.2050790786743164
0.20624589920043945
0.20721840858459473
0.21012043952941895
0.21216630935668945
0.21382546424865723
0.21409344673156738
0.21466469764709473
0.21552562713623047
0.21778607368469238
0.21805953979492188
0.21887969970703125
0.2190563678741455
0.22136926651000977
0.22165656089782715
0.22223520278930664
0.22249078750610352
0.22353506088256836
0.22375226020812988
0.22507929801940918
0.22519969940185547
0.22544431686401367
0.2262718677520752
0.22641277313232422
0.22659635543823242
0.2273697853088379
0.23235821723937988
0.23268938064575195
0.23270773887634277
0.2332136631011963
0.23595666885375977
0.23695826530456543
0.237518310546875
0.23790597915649414
0.23902392387390137
0.23994064331054688
0.2411484718322754
0.24326539039611816
0.24419879913330078
0.2448594570159912
0.24518585205078125
0.24551820755004883
0.24563288688659668
0.2456512451171875
0.24675607681274414
0.24677801132202148
0.2509584426879883
0.25192737579345703
0.25277185440063477
0.2527768611907959
0.2528681755065918
0.2538590431213379
0.25499987602233887
0.2551310062408447
0.257521390914917
0.2578423023223877
0.2633054256439209
0.2639045715332031
0.2647526264190674
0.2653486728668213
0.2675316333770752
0.2679712772369385
0.268571138381958
0.2691936492919922
0.26980018615722656
0.2698957920074463
0.27256321907043457
0.27366161346435547
0.2738068103790283
0.2738966941833496
0.27570104598999023
0.277515172958374
0.2775583267211914
0.2790811061859131
0.27921199798583984
0.28144168853759766
0.28356456756591797
0.2843918800354004
0.2847728729248047
0.28514838218688965
0.28679847717285156
0.28804588317871094
0.2927536964416504
0.29312801361083984
0.2933335304260254
0.2933511734008789
0.29570651054382324
0.2959737777709961
0.29605722427368164
0.29627013206481934
0.29627466201782227
0.29671239852905273
0.2969517707824707
0.2969934940338135
0.29703712463378906
0.2975444793701172
0.2994685173034668
0.300123929977417
0.3002891540527344
0.30338358879089355
0.30475854873657227
0.3047904968261719
0.3065371513366699
0.30684804916381836
0.3087432384490967
0.30947136878967285
0.30989813804626465
0.31003856658935547
0.3105320930480957
0.31088972091674805
0.3127291202545166
0.3134605884552002
0.3140110969543457
0.3164236545562744
0.3164553642272949
0.317779541015625
0.3180677890777588
0.31875061988830566
0.3191955089569092
0.3201470375061035
0.3203446865081787
0.32068610191345215
0.3213942050933838
0.3214399814605713
0.32208800315856934
0.33034563064575195
0.33061647415161133
0.33280444145202637
0.3329477310180664
0.3340330123901367
0.33440160751342773
0.3351752758026123
0.33530545234680176
0.3365013599395752
0.33670663833618164
0.3372824192047119
0.3385758399963379
0.3388233184814453
0.339993953704834
0.34058356285095215
0.343672513961792
0.3492252826690674
0.34946393966674805
0.35039210319519043
0.3506767749786377
0.3533599376678467
0.35385823249816895
0.35428452491760254
0.35491085052490234
0.35842108726501465
0.36078476905822754
0.3609800338745117
0.36235642433166504
0.3631246089935303
0.363206148147583
0.36348795890808105
0.36367344856262207
0.364063024520874
0.3644418716430664
0.365678071975708
0.3659536838531494
0.3667623996734619
0.3706066608428955
0.374436616897583
0.37520456314086914
0.37570643424987793
0.38008856773376465
0.38144731521606445
0.38221216201782227
0.3825678825378418
0.38321614265441895
0.38419246673583984
0.384838342666626
0.3883476257324219
0.39089131355285645
0.39153385162353516
0.3917109966278076
0.392240047454834
0.39519190788269043
0.3962371349334717
0.3997511863708496
0.4000420570373535
0.40052318572998047
0.40082240104675293
0.40526556968688965
0.40566396713256836
0.40615200996398926
0.41031527519226074
0.4106454849243164
0.41179490089416504
0.41205739974975586
0.4143497943878174
0.4146239757537842
0.41521430015563965
0.41716814041137695
0.4210798740386963
0.42461490631103516
0.428424596786499
0.4289875030517578
0.4303922653198242
0.4310789108276367
0.43322253227233887
0.433349609375
0.4334559440612793
0.43755412101745605
0.4382026195526123
0.43880176544189453
0.4405364990234375
0.4438755512237549
0.44997310638427734
0.4514901638031006
0.45208096504211426
0.4589502811431885
0.461808443069458
0.4630155563354492
0.46336817741394043
0.4650578498840332
0.4650607109069824
0.46506404876708984
0.4666867256164551
0.4675285816192627
0.4675769805908203
0.47036242485046387
0.4726710319519043
0.4727790355682373
0.47401928901672363
0.4765605926513672
0.4784886837005615
0.4861276149749756
0.48866796493530273
0.4928557872772217
0.49550843238830566
0.4969058036804199
0.49819159507751465
0.49909090995788574
0.4996342658996582
0.500601053237915
0.5006103515625
0.5060791969299316
0.5065703392028809
0.5083558559417725
0.5091168880462646
0.5112357139587402
0.5143611431121826
0.5192699432373047
0.5198259353637695
0.5199825763702393
0.5206160545349121
0.5216221809387207
0.5235180854797363
0.5267846584320068
0.5275535583496094
0.5275905132293701
0.529482364654541
0.5296270847320557
0.5354008674621582
0.5428762435913086
0.5435352325439453
0.5444042682647705
0.5485625267028809
0.5510225296020508
0.5510261058807373
0.5523405075073242
0.5525550842285156
0.5559084415435791
0.5565543174743652
0.5579755306243896
0.558290958404541
0.5637836456298828
0.5699310302734375
0.5703332424163818
0.5711925029754639
0.5744526386260986
0.5765841007232666
0.5777184963226318
0.5795004367828369
0.580883264541626
0.5821530818939209
0.5842545032501221
0.5866739749908447
0.5906167030334473
0.593904972076416
0.5990054607391357
0.6092977523803711
0.6102700233459473
0.6102831363677979
0.6123957633972168
0.6133232116699219
0.6141328811645508
0.6158530712127686
0.6185424327850342
0.6189579963684082
0.6195025444030762
0.6199662685394287
0.6205973625183105
0.6221156120300293
0.623598575592041
0.6259164810180664
0.6276814937591553
0.6279697418212891
0.6287422180175781
0.6287622451782227
0.6317784786224365
0.6390171051025391
0.6398274898529053
0.640643835067749
0.6430044174194336
0.6432197093963623
0.6441400051116943
0.6443407535552979
0.6463127136230469
0.6465330123901367
0.6476199626922607
0.6518523693084717
0.6540431976318359
0.655022382736206
0.6564953327178955
0.6569492816925049
0.6575274467468262
0.6576025485992432
0.6590249538421631
0.6593472957611084
0.6615674495697021
0.662151575088501
0.6631133556365967
0.6655657291412354
0.669377326965332
0.6707820892333984
0.6756095886230469
0.6765358448028564
0.6786203384399414
0.6790108680725098
0.6810445785522461
0.6812021732330322
0.6831057071685791
0.6831967830657959
0.6836445331573486
0.6844899654388428
0.6921415328979492
0.6927013397216797
0.6968669891357422
0.698275089263916
0.6990921497344971
0.6993489265441895
0.700697660446167
0.7030141353607178
0.710838794708252
0.714015007019043
0.7149760723114014
0.7158496379852295
0.7178282737731934
0.7273638248443604
0.7274563312530518
0.7294754981994629
0.7352511882781982
0.7352895736694336
0.7361235618591309
0.7374544143676758
0.737485408782959
0.7379500865936279
0.7384893894195557
0.7399230003356934
0.7428262233734131
0.7447161674499512
0.7450518608093262
0.7451770305633545
0.7454020977020264
0.7463891506195068
0.74678635597229
0.747887372970581
0.7496676445007324
0.7522993087768555
0.7601709365844727
0.7609338760375977
0.7612237930297852
0.7631134986877441
0.7655000686645508
0.7701637744903564
0.7721903324127197
0.7734441757202148
0.7737655639648438
0.7745792865753174
0.7760791778564453
0.7791182994842529
0.7822215557098389
0.7847635746002197
0.7860457897186279
0.786309003829956
0.791684627532959
0.7929325103759766
0.7946085929870605
0.7988438606262207
0.7998964786529541
0.8011784553527832
0.8054025173187256
0.8068904876708984
0.8079755306243896
0.810023307800293
0.8109676837921143
0.8144304752349854
0.8159024715423584
0.816478967666626
0.8185372352600098
0.8258461952209473
0.8260030746459961
0.8294966220855713
0.8297932147979736
0.833176851272583
0.8348755836486816
0.8365075588226318
0.8421854972839355
0.8422045707702637
0.843207597732544
0.8433141708374023
0.8440976142883301
0.8444507122039795
0.8472251892089844
0.8511199951171875
0.8556351661682129
0.8585638999938965
0.8675339221954346
0.8696331977844238
0.8708300590515137
0.8708662986755371
0.8730461597442627
0.8837311267852783
0.8843622207641602
0.8846940994262695
0.8847846984863281
0.8871281147003174
0.8884999752044678
0.8893649578094482
0.8897898197174072
0.8902320861816406
0.90004563331604
0.9005153179168701
0.903306245803833
0.9037437438964844
0.9077603816986084
0.9116706848144531
0.9142856597900391
0.9151632785797119
0.9159948825836182
0.9231569766998291
0.9247329235076904
0.9247522354125977
0.9321291446685791
0.9326300621032715
0.9340500831604004
0.9482934474945068
0.9493920803070068
0.9506278038024902
0.9512357711791992
0.952272891998291
0.9527778625488281
0.953352689743042
0.9534871578216553
0.9547402858734131
0.955890417098999
0.9619016647338867
0.9632618427276611
0.9635674953460693
0.9638338088989258
0.967644214630127
0.968942403793335
0.9709665775299072
0.9740309715270996
0.978506326675415
0.9870493412017822
0.9882705211639404
0.9897215366363525
0.9918797016143799
0.9949934482574463
0.9959397315979004
0.9996626377105713
1.0025830268859863
1.0116462707519531
1.0139834880828857
1.0168745517730713
1.016984462738037
1.0183351039886475
1.0239372253417969
1.0242793560028076
1.0274572372436523
1.0397670269012451
1.0433075428009033
1.0433874130249023
1.0443503856658936
1.045644998550415
1.0494308471679688
1.0621812343597412
1.0634987354278564
1.0643310546875
1.0656721591949463
1.0772085189819336
1.0802958011627197
1.0818023681640625
1.0841333866119385
1.084425687789917
1.0863885879516602
1.090223789215088
1.091144323348999
1.0958099365234375
1.1007883548736572
1.1037445068359375
1.105809211730957
1.111581802368164
1.1120221614837646
1.112426996231079
1.1152839660644531
1.1169538497924805
1.117863416671753
1.1179590225219727
1.1194663047790527
1.1210436820983887
1.1263792514801025
1.128068208694458
1.1296331882476807
1.1305756568908691
1.1372883319854736
1.1378114223480225
1.1393563747406006
1.1433429718017578
1.144336223602295
1.1491575241088867
1.1511070728302002
1.1527974605560303
1.1530413627624512
1.1551344394683838
1.156315565109253
1.1573894023895264
1.1632440090179443
1.1734199523925781
1.1782021522521973
1.1816964149475098
1.1817939281463623
1.1819961071014404
1.1825242042541504
1.1862730979919434
1.1869471073150635
1.193136215209961
1.2060189247131348
1.2068021297454834
1.2068190574645996
1.208632230758667
1.2152481079101562
1.2205934524536133
1.227210521697998
1.2277882099151611
1.2418105602264404
1.2429530620574951
1.2464873790740967
1.2470405101776123
1.2498438358306885
1.2524335384368896
1.2524383068084717
1.257497787475586
1.2691926956176758
1.2839913368225098
1.2842483520507812
1.2979800701141357
1.310497522354126
1.3182086944580078
1.3195359706878662
1.3217713832855225
1.3303847312927246
1.332942008972168
1.3336505889892578
1.345618724822998
1.3466482162475586
1.3482747077941895
1.349020004272461
1.3578240871429443
1.359384536743164
1.36448073387146
1.370260238647461
1.3703665733337402
1.374906301498413
1.3778131008148193
1.3795225620269775
1.3912758827209473
1.3932881355285645
1.395596981048584
1.404573917388916
1.4080479145050049
1.4105565547943115
1.4151372909545898
1.4174983501434326
1.4326984882354736
1.4420127868652344
1.443540096282959
1.4437963962554932
1.445573329925537
1.4476253986358643
1.4662220478057861
1.4704737663269043
1.471071720123291
1.494002342224121
1.4969494342803955
1.5202386379241943
1.5353765487670898
1.5357306003570557
1.535952091217041
1.5388944149017334
1.5419297218322754
1.543426513671875
1.5514764785766602
1.5538206100463867
1.5583057403564453
1.561889410018921
1.5628612041473389
1.5633745193481445
1.5660269260406494
1.567603349685669
1.569277048110962
1.5712831020355225
1.57383131980896
1.6021974086761475
1.6051146984100342
1.6058995723724365
1.6060199737548828
1.6061089038848877
1.606834888458252
1.6071257591247559
1.6128392219543457
1.6215879917144775
1.6221585273742676
1.6221680641174316
1.6267013549804688
1.6306109428405762
1.652923583984375
1.6592814922332764
1.6670277118682861
1.6710898876190186
1.684105634689331
1.7047276496887207
1.707317590713501
1.7283687591552734
1.7390775680541992
1.7400341033935547
1.7406423091888428
1.7409155368804932
1.7441556453704834
1.7735705375671387
1.777550458908081
1.7834458351135254
1.7841222286224365
1.7948980331420898
1.8193740844726562
1.8337814807891846
1.8382906913757324
1.8411450386047363
1.8427355289459229
1.8524501323699951
1.8708813190460205
1.8751702308654785
1.8943560123443604
1.8959879875183105
1.90610933303833
1.9083499908447266
1.9172232151031494
1.930088996887207
1.9357929229736328
1.9533798694610596
1.9543914794921875
1.9558470249176025
1.9760806560516357
2.01312255859375
2.0268638134002686
2.0406484603881836
2.0527687072753906
2.0710790157318115
2.0772042274475098
2.0813446044921875
2.1067299842834473
2.130941867828369
2.1413421630859375
2.1540253162384033
2.1978070735931396
2.199545383453369
2.213000535964966
2.2388670444488525
2.2460129261016846
2.258457660675049
2.26383376121521
2.267420530319214
2.286297559738159
2.2912306785583496
2.3115200996398926
2.3264451026916504
2.3373942375183105
2.3525211811065674
2.372798204421997
2.380815029144287
2.382042169570923
2.387479782104492
2.3907103538513184
2.4226107597351074
2.4370574951171875
2.4379000663757324
2.441312313079834
2.447862148284912
2.4581329822540283
2.4693973064422607
2.498037815093994
2.509117364883423
2.5284464359283447
2.5400612354278564
2.557668924331665
2.5609540939331055
2.5665359497070312
2.6087210178375244
2.649749994277954
2.725205898284912
2.7336535453796387
2.7353157997131348
2.778132200241089
2.779250383377075
2.7885663509368896
2.792445659637451
2.8111143112182617
2.812885046005249
2.848376989364624
2.8545641899108887
2.860008478164673
2.907223701477051
2.9213309288024902
2.9447567462921143
2.9547829627990723
2.987257480621338
3.0020391941070557
3.106971025466919
3.1732888221740723
3.27087140083313
3.3028528690338135
3.3726320266723633
3.3966732025146484
3.3967654705047607
3.4247825145721436
3.454744815826416
3.4585506916046143
3.565007448196411
3.5742735862731934
3.596529722213745
3.9017386436462402
3.9562647342681885
4.0717997550964355
4.084576845169067
4.370441913604736
4.7403435707092285
6.181580066680908
