0.012965679168701172
0.15259170532226562
0.5226016044616699
0.7759239673614502
0.8377351760864258
1.0083022117614746
1.1808393001556396
1.552844524383545
1.5897464752197266
2.3676412105560303
2.667861223220825
2.945119857788086
3.1196529865264893
3.3600101470947266
4.108008623123169
4.246662139892578
4.415186643600464
4.433138847351074
4.44111704826355
4.688455581665039
4.95772647857666
6.144558906555176
6.197417259216309
6.640233516693115
7.26256799697876
7.501928091049194
7.812097787857056
8.29181432723999
8.442409992218018
9.134559869766235
10.391197443008423
11.149169206619263
11.309739828109741
11.899162530899048
12.783795833587646
14.566027402877808
14.580987215042114
14.619916200637817
14.890160083770752
16.351803302764893
16.66541361808777
17.220923900604248
17.31965970993042
17.547086715698242
17.809349536895752
18.132509231567383
18.399770259857178
18.63813090324402
19.85986304283142
19.90075373649597
21.370819807052612
21.374809980392456
21.86549687385559
24.39373230934143
24.87444543838501
25.02208662033081
25.280359268188477
25.282353401184082
25.951564073562622
30.031647443771362
30.240089893341064
31.084828853607178
31.811883449554443
32.216800689697266
32.337478160858154
33.797571420669556
34.953455209732056
35.16690754890442
36.05453276634216
36.23205757141113
36.51629066467285
36.594789028167725
36.91622710227966
37.04887247085571
37.28623723983765
37.36602234840393
40.99032664299011
41.545839071273804
42.616950273513794
42.86630725860596
42.929139137268066
43.14954972267151
43.3041353225708
44.72925019264221
48.44139051437378
48.55009961128235
48.98094701766968
50.2704963684082
51.40479135513306
55.19531989097595
60.94194436073303
63.54198741912842
64.20421528816223
65.23944616317749
67.5350296497345
76.84938168525696
79.15124702453613
123.24923539161682
132.64808821678162
157.46768069267273
