0.0608370304107666
0.24235081672668457
0.9217307567596436
0.9858736991882324
1.2624554634094238
1.2787389755249023
1.2995502948760986
1.3751578330993652
1.6133837699890137
1.947488784790039
1.952775478363037
2.0950944423675537
2.1270270347595215
2.4850635528564453
3.2685365676879883
3.933354377746582
4.0371904373168945
4.720400810241699
4.961349725723267
5.288491249084473
5.607709884643555
5.849430561065674
6.406981468200684
6.495855808258057
6.603728532791138
6.640693187713623
6.765866041183472
7.028449058532715
7.2206315994262695
7.344805002212524
7.788597106933594
7.800274848937988
7.801779747009277
8.327638626098633
8.343689918518066
8.78240966796875
9.026850700378418
9.119027376174927
9.349983930587769
9.357373237609863
10.063116312026978
10.268402338027954
10.36983346939087
10.493922233581543
10.501123666763306
10.54874324798584
10.657472372055054
11.001221656799316
11.080845832824707
11.374666213989258
11.805091857910156
12.242215633392334
12.458468675613403
12.465633869171143
12.472012996673584
12.735728740692139
12.905481338500977
12.913005352020264
13.19715929031372
13.281495332717896
13.458518981933594
13.556274652481079
13.686765909194946
13.796740770339966
14.00869607925415
14.392392873764038
14.480728387832642
14.750248908996582
15.353438377380371
15.523359060287476
15.570436716079712
15.800459384918213
16.019638538360596
16.21338129043579
16.44075870513916
16.45795202255249
16.52773904800415
16.763323068618774
16.85089874267578
16.86687135696411
17.094449520111084
17.13030767440796
17.359707832336426
17.362643480300903
17.42005443572998
17.42525577545166
17.569929361343384
17.639660358428955
17.672746896743774
17.715891361236572
18.24144220352173
18.246761798858643
18.303032875061035
18.90136194229126
19.43303370475769
19.49421525001526
19.76009726524353
19.872856855392456
20.016364812850952
20.315101146697998
