0.004986286163330078
0.015957355499267578
0.016954421997070312
0.022914886474609375
0.02892303466796875
0.04787254333496094
0.04986715316772461
0.05385589599609375
0.05481743812561035
0.0693514347076416
0.07978653907775879
0.09175467491149902
0.09374880790710449
0.09971427917480469
0.10272479057312012
0.11519694328308105
0.12023353576660156
0.1406235694885254
0.14560961723327637
0.1630692481994629
0.17250823974609375
0.17457842826843262
0.21342849731445312
0.2584366798400879
0.26230931282043457
0.2699558734893799
0.27777743339538574
0.28574204444885254
0.34707140922546387
0.3535592555999756
0.39095330238342285
0.39663147926330566
0.40162205696105957
0.4483063220977783
0.45354604721069336
0.4777035713195801
0.4777216911315918
0.49019694328308105
0.5178868770599365
0.5279176235198975
0.5330803394317627
0.5355775356292725
0.5963728427886963
0.6024031639099121
0.621452808380127
0.6218430995941162
0.6667232513427734
0.6911652088165283
0.6956443786621094
0.7063844203948975
0.7200970649719238
0.7629508972167969
0.7810502052307129
0.7891139984130859
0.7998719215393066
0.8043537139892578
0.8123328685760498
0.824270486831665
0.8372783660888672
0.859710693359375
0.8627140522003174
0.8685944080352783
0.8751325607299805
0.9025852680206299
0.926041841506958
0.930363655090332
0.9435648918151855
1.0003561973571777
1.0079262256622314
1.0262656211853027
1.0307743549346924
1.0663909912109375
1.1062512397766113
1.1070802211761475
1.1090326309204102
1.1230401992797852
1.1234991550445557
1.126504898071289
1.1858453750610352
1.1894476413726807
1.309359073638916
1.3299717903137207
1.3404295444488525
1.346487283706665
1.3503763675689697
1.3521239757537842
1.4227221012115479
1.4309642314910889
1.4312858581542969
1.4341051578521729
1.4569201469421387
1.4768927097320557
1.477710247039795
1.5134832859039307
1.5309488773345947
1.5374209880828857
1.6328787803649902
1.6339468955993652
1.653238296508789
1.6785595417022705
1.6980199813842773
1.736328363418579
1.7827508449554443
1.81190824508667
1.8136775493621826
1.8256356716156006
1.8486201763153076
1.8740200996398926
1.925872564315796
1.990896463394165
1.9928104877471924
2.0775885581970215
2.0877504348754883
2.1406168937683105
2.202805757522583
2.2451024055480957
2.2492458820343018
2.2862987518310547
2.3158586025238037
2.3701987266540527
2.378221273422241
2.3924973011016846
2.503325939178467
2.5557191371917725
2.559143543243408
2.612130641937256
2.647571563720703
2.6549036502838135
2.67126202583313
2.698824167251587
2.7353014945983887
2.7581427097320557
2.7641525268554688
2.8003852367401123
2.9369304180145264
2.9702272415161133
3.015629768371582
3.101986885070801
3.135698080062866
3.1685755252838135
3.197643518447876
3.246952533721924
3.2675952911376953
3.3221943378448486
3.396571159362793
3.414889097213745
3.4513626098632812
3.481632709503174
3.59173846244812
3.7058844566345215
3.7524068355560303
3.819326877593994
3.898242473602295
3.916182518005371
3.9194037914276123
3.9350414276123047
4.071260452270508
4.082209825515747
4.111675024032593
4.165500164031982
4.2352306842803955
4.2797863483428955
4.345578670501709
4.462430953979492
4.484723329544067
4.532709121704102
4.546941041946411
4.549367666244507
4.612254619598389
4.746626138687134
4.840205430984497
4.953999996185303
5.050914764404297
5.064683675765991
5.103397846221924
5.124906539916992
5.379938364028931
5.45803165435791
5.774319648742676
5.9200098514556885
6.012691020965576
6.249988555908203
6.4980080127716064
6.674879312515259
6.710764408111572
6.80512809753418
7.1664509773254395
7.91701602935791
7.959289789199829
8.19948434829712
8.219780921936035
8.322390079498291
8.512367725372314
10.274231910705566
10.295544624328613
10.369267225265503
11.328973770141602
11.561913251876831
12.989452362060547
16.797234773635864
